feature	Akkermansia muciniphila_A	Akkermansia muciniphila	Faecalibaculum rodentium	Pelethenecus sp910579215	MGYG000325581	Alistipes finegoldii	MGYG000325477	Paramuribaculum sp001689535	Paramuribaculum sp910587425	Muribaculum intestinale	NM07-P-09 sp004793925	ZJ304 sp910584145	Bifidobacterium globosum	MGYG000333678	Schaedlerella sp910575475	Lawsonibacter sp910588635	MGBC122484 sp910587055	Desulfovibrio sp009773975	NM07-P-09 sp004793665	MGBC105563 sp910579165	MGYG000327895	Paratractidigestivibacter faecalis	Paratractidigestivibacter sp900540955	MGYG000330582	MGYG000329032	Adlercreutzia muris	Adlercreutzia caecimuris	Adlercreutzia mucosicola	MGYG000329825	Adlercreutzia hattorii	Adlercreutzia sp910589165	MGYG000329537	MGYG000327852	Adlercreutzia sp910585575	MGBC163016 sp910588205	MGBC163016 sp910589135	MGBC163016 sp910588945	MGBC163016 sp910588905	MGYG000329984	MGYG000328464	MGYG000366993	MGBC163016 sp910585565	MGBC163016 sp910589125	MGYG000328353	MGBC163016 sp910580205	MGBC163016 sp910588985	MGBC163016 sp910588435	D16-63 sp910588095	MGYG000328321	MGYG000410711	Enterorhabdus sp009911695	MGYG000329834	Enterorhabdus sp910589695	D16-34 sp910575165	D16-34 sp003612515	D16-34 sp910577495	ZJ304 sp943192905	MGYG000401219	Parvibacter caecicola	Parvibacter sp910587945	MGYG000329896	Parvibacter sp910588725	MGYG000328306	MGYG000328451	Anaerotardibacter sp000435675	Anaerotardibacter sp900753095	Gordonibacter pamelaeae	Eggerthella lenta	Ellagibacter isourolithinifaciens	Senegalimassilia faecalis	Slackia_A isoflavoniconvertens	Collinsella aerofaciens_J	Enorma burkinafasonensis	MGYG000410812	UMGS124 sp900555105	Bifidobacterium animalis	Bifidobacterium adolescentis	Bifidobacterium pseudocatenulatum	Bifidobacterium bifidum	Bifidobacterium longum	MGYG000329693	Paramuribaculum intestinale	Paramuribaculum sp001689565	Paramuribaculum sp910579675	MGYG000329858	Paramuribaculum sp910578805	MGYG000325717	Paramuribaculum sp910579185	MGYG000329300	Paramuribaculum sp009775605	Paramuribaculum sp910586475	MGYG000325727	Paramuribaculum sp910588065	Paramuribaculum sp910578305	Paramuribaculum sp910587185	Paramuribaculum sp910577465	Paramuribaculum sp910586895	Paramuribaculum sp910589095	Paramuribaculum sp014800945	MGYG000325457	Paramuribaculum sp014802045	MGYG000325750	MGYG000325361	Paramuribaculum sp014801865	Paramuribaculum sp014801655	MGYG000325540	Duncaniella sp910576785	Duncaniella dubosii	Duncaniella sp910589485	Duncaniella sp001689575	Duncaniella muris	Duncaniella sp910578445	Duncaniella freteri	Duncaniella sp910578515	Duncaniella sp910577255	Duncaniella sp910577345	Duncaniella sp910577335	MGYG000325799	Duncaniella sp014802345	Duncaniella sp910578615	MGYG000325465	Duncaniella sp910586305	Duncaniella sp001689495	MGYG000327170	Duncaniella sp910584825	Duncaniella sp910587165	MGYG000325518	Duncaniella sp002494015	Duncaniella sp910587515	Duncaniella sp910586665	Duncaniella sp014801945	Duncaniella sp910588795	Duncaniella sp001701225	Duncaniella sp014802325	Duncaniella sp014802015	MGYG000325456	MGYG000325723	MGYG000325575	MGYG000325671	CAG-873 sp009775135	CAG-873 sp002490635	MGYG000328238	CAG-873 sp009775265	CAG-873 sp011959565	CAG-873 sp910578365	CAG-873 sp910587235	CAG-873 sp009775225	CAG-873 sp009775535	CAG-873 sp910577315	CAG-873 sp910584905	CAG-873 sp910587545	CAG-873 sp910586455	MGYG000324412	CAG-873 sp910587915	CAG-873 sp001689665	CAG-873 sp017624155	MGYG000329414	CAG-873 sp910578095	CAG-873 sp910586975	CAG-873 sp001689415	MGYG000325453	CAG-873 sp910587475	CAG-873 sp900550395	MGYG000325639	CAG-873 sp910576935	MGYG000328998	CAG-873 sp910578035	MGYG000322997	MGYG000325431	CAG-873 sp905202215	CAG-873 sp009775195	CAG-873 sp910586995	CAG-873 sp910577355	MGYG000325570	MGYG000325620	CAG-873 sp001701165	MGYG000325469	CAG-873 sp003979155	MGYG000325729	CAG-873 sp910576775	MGYG000325342	MGYG000325463	CAG-873 sp910587355	CAG-873 sp910583525	MGYG000328958	MGYG000325379	CAG-873 sp910584495	CAG-873 sp910589055	CAG-873 sp910586595	MGYG000325473	CAG-873 sp910587925	CAG-873 sp900555715	CAG-873 sp002493945	CAG-873 sp002491245	MGYG000329571	MGYG000325537	CAG-485 sp009775365	CAG-485 sp002493045	CAG-485 sp009775355	CAG-485 sp002362485	CAG-485 sp002361215	CAG-485 sp002491945	CAG-485 sp002361155	MGYG000410771	MGYG000325582	CAG-485 sp002493515	CAG-485 sp003979075	CAG-485 sp001701295	MGYG000325475	MGYG000327930	CAG-485 sp910584055	MGYG000325569	CAG-485 sp910579845	CAG-485 sp910584125	CAG-485 sp910578385	MGYG000325346	MGYG000324474	CAG-485 sp910586175	MGYG000329437	MGYG000325442	CAG-485 sp910577585	CAG-485 sp009775375	MGYG000347897	CAG-485 sp910578075	CAG-485 sp900554845	CAG-485 sp910583775	MGYG000325760	MGYG000325660	CAG-485 sp910584545	MGYG000325658	CAG-485 sp910584525	CAG-485 sp910583795	CAG-485 sp910585275	MGYG000325481	CAG-485 sp910589425	CAG-485 sp910588245	CAG-485 sp014801815	MGYG000329106	MGYG000325458	MGYG000325710	MGYG000325738	MGYG000325560	CAG-485 sp910579305	MGYG000325644	CAG-485 sp900760815	MGYG000325315	MGYG000325633	MGYG000325436	MGYG000325715	MGYG000325350	MGYG000325747	MGYG000325437	CAG-485 sp014800895	MGYG000325541	MGYG000325479	CAG-485 sp910585285	CAG-485 sp910584185	MGYG000325680	MGYG000325622	MGYG000325425	MGYG000325415	CAG-485 sp900550645	MGYG000325597	MGYG000325446	MGYG000325721	Muribaculum gordoncarteri	Muribaculum sp009775095	Muribaculum sp002473395	Muribaculum faecis	MGYG000325310	Muribaculum sp910587665	Muribaculum sp001701195	Muribaculum sp910578785	Muribaculum sp910589555	Muribaculum arabinoxylanisolvens	Muribaculum sp003150235	MGYG000328540	Muribaculum sp910583865	Muribaculum sp910578835	Muribaculum sp001701065	MGYG000328957	UBA7173 sp001689485	UBA7173 sp001689685	UBA7173 sp002491305	UBA7173 sp013316675	MGYG000329847	UBA7173 sp013316535	UBA7173 sp910584365	UBA7173 sp910583675	MGYG000325674	UBA7173 sp910584735	UBA7173 sp900548705	UBA7173 sp910585755	UBA7173 sp910579105	UBA7173 sp910586565	UBA7173 sp900555165	UBA7173 sp910587075	MGYG000410332	MGYG000325632	MGYG000325803	JAFLTL01 sp910578395	MGYG000325590	UBA3263 sp001689615	MGYG000325470	UBA3263 sp002490725	MGYG000331010	UBA3263 sp014801955	MGYG000325619	MGYG000325600	MGYG000325598	JAGBWK01 sp001915385	JAGBWK01 sp004102805	MGYG000325382	MGYG000327564	MGYG000328504	JAAVFS01 sp910584665	MGYG000325322	MGYG000325435	CAJUPY01 sp910588035	MGYG000325343	CAJUPY01 sp014802535	MGYG000325663	M3 sp001689445	MGYG000328741	CAG-1031 sp000431215	Amulumruptor sp001689515	Amulumruptor sp900539915	Sodaliphilus sp004557565	Limisoma sp000437795	Bacteroides sp002491635	Bacteroides sp910578895	Bacteroides acidifaciens	Bacteroides caecimuris	Bacteroides sp910586915	Bacteroides uniformis	Bacteroides sp910585845	Bacteroides sp900765785	Bacteroides stercoris	MGYG000325585	Bacteroides nordii	Bacteroides congonensis	Bacteroides xylanisolvens	Bacteroides intestinalis	Bacteroides cellulosilyticus	Prevotella sp002933775	Prevotella muris	MGYG000325010	MGYG000325676	Prevotella sp013166515	Prevotella rodentium	Prevotella sp900545525	MGYG000325400	Prevotella intestinalis	Phocaeicola vulgatus	Phocaeicola sartorii	Phocaeicola sp011959205	Phocaeicola faecalis	Phocaeicola plebeius_A	Phocaeicola massiliensis	UBA4372 sp023665805	MGYG000325572	Alloprevotella sp009775705	Alloprevotella sp002933955	Paraprevotella sp900548345	Paraprevotella sp910586505	Alistipes sp002428825	Alistipes sp910587675	Alistipes timonensis	Alistipes sp910576555	Alistipes sp009774895	Alistipes sp002362235	Alistipes sp900552955	Alistipes sp910575495	Alistipes sp910577475	Alistipes sp002358415	Avirikenella sp910588925	MGYG000325667	Rikenella sp910577885	Parabacteroides distasonis	Parabacteroides goldsteinii	Parabacteroides sp900760525	Parabacteroides merdae	Odoribacter sp021771575	Odoribacter sp910578105	Odoribacter sp910589025	Butyricimonas virosa	Pullibacteroides sp910586395	Cryptobacteroides sp009774765	Cryptobacteroides sp910585445	Imtechella halotolerans	Faecalibaculum sp910588395	C-19 sp910576855	MGYG000329824	Ileibacterium valens	Dubosiella sp004793885	CAJTFG01 sp910575705	Thomasclavelia cocleata	Thomasclavelia ramosa	MGBC113645 sp910579135	Fimiplasma sp910588165	Lactobacillus intestinalis	Lactobacillus sp910589675	MGYG000329195	Lactobacillus taiwanensis	Lactobacillus amylovorus	MGYG000325525	MGYG000326943	Lactobacillus hominis	Lactobacillus acidophilus	MGYG000326944	Lactobacillus delbrueckii	Limosilactobacillus reuteri	Limosilactobacillus sp009663775	Limosilactobacillus fermentum	Limosilactobacillus equigenerosi	Limosilactobacillus portuensis	Ligilactobacillus murinus	Ligilactobacillus animalis	Ligilactobacillus sp910587695	Ligilactobacillus agilis	Pediococcus pentosaceus	Enterococcus faecalis	Turicibacter sp002311155	MGYG000380869	CAG-582 sp910577075	UBA5026 sp910576795	UBA5026 sp910586425	MGYG000330354	MGYG000338472	MGYG000329046	MGYG000331189	Mammaliicoccus lentus	Staphylococcus xylosus	MGYG000410805	Desulfovibrio sp910575755	Desulfovibrio sp910587035	Desulfovibrio sp910584445	MGYG000325668	Desulfovibrio sp900556755	Desulfovibrio sp905215675	MGYG000325515	Bilophila sp910585945	Bilophila faecipullorum	Bilophila sp902373525	Mailhella sp910579055	Mailhella excrementigallinarum	MGYG000399267	MGYG000410288	Schaedlerella sp910589385	Schaedlerella arabinosiphila	Schaedlerella sp009911175	MGYG000410694	Schaedlerella sp000403295	Schaedlerella sp910574865	Schaedlerella sp910574195	Schaedlerella sp943193195	Schaedlerella sp009774255	MGYG000328305	MD308 sp910575105	MD308 sp010206225	MGYG000323047	MD308 sp000403475	MGYG000326632	MD308 sp910578455	MD308 sp910586965	MD308 sp910584615	MGYG000410877	MGYG000324148	Sporofaciens sp910574715	Sporofaciens sp910579015	MGYG000353267	Sporofaciens sp910575835	Sporofaciens musculi	Sporofaciens sp009774295	Sporofaciens sp910574885	Sporofaciens sp000403455	Sporofaciens sp910577685	Sporofaciens sp910587575	Sporofaciens sp910585725	Sporofaciens sp910579925	MGYG000402809	UBA11957 sp910588295	MGYG000410400	Choladocola sp009774135	Choladocola sp910583615	Choladocola sp910585995	Choladocola sp009774145	Choladocola sp910584945	Choladocola sp910579225	Choladocola sp910584205	Choladocola sp910574965	Choladocola sp910575445	Choladocola sp910583895	Choladocola sp009774155	Choladocola sp910587495	Choladocola sp910585465	Choladocola sp910587765	MGYG000392954	Lachnoclostridium_B sp910584095	Lachnoclostridium_B sp910574185	MGYG000331109	Lachnoclostridium_B sp910584265	Lachnoclostridium_B sp910588745	Lachnoclostridium_B sp910589275	MGYG000328855	MGBC164599 sp910588825	MGBC164599 sp910575625	MGBC164599 sp910587105	MGBC164599 sp910588775	MGYG000330030	MGYG000330180	14-2 sp910588845	14-2 sp910577785	14-2 sp910576385	14-2 sp910575155	14-2 sp910575035	14-2 sp011960065	MGYG000409996	14-2 sp910588285	14-2 sp910575005	14-2 sp910584585	14-2 sp000403255	MGYG000411355	14-2 sp910583835	14-2 sp910575075	14-2 sp000403315	14-2 sp009774455	14-2 sp910589635	14-2 sp910576975	MGYG000411595	MGYG000328404	14-2 sp910578825	MGYG000410992	MGYG000324849	14-2 sp000403845	Eubacterium_F sp910574015	MGYG000330978	Eubacterium_F sp910575665	Eubacterium_F sp910585745	MGYG000329322	Eubacterium_F sp910579145	Caccovicinus sp910585635	Caccovicinus sp009774615	Caccovicinus sp910584785	MGYG000411451	Caccovicinus sp910575565	MGYG000322995	Caccovicinus sp910588895	Acetatifactor sp910576125	Acetatifactor sp910589035	Acetatifactor sp910579755	Acetatifactor sp910584865	Acetatifactor sp910585805	Acetatifactor sp910585425	Acetatifactor sp910585615	Acetatifactor sp910586775	Acetatifactor sp910589655	Acetatifactor sp910586835	Acetatifactor sp003612485	MGYG000329336	Acetatifactor sp910577185	MGYG000325587	Acetatifactor sp910584235	MGYG000325385	Acetatifactor sp910580225	Acetatifactor sp910577035	Acetatifactor sp910578995	Acetatifactor sp910578185	MGYG000327004	Acetatifactor sp910586485	MGYG000331015	Acetatifactor sp910587555	1XD8-76 sp910578085	1XD8-76 sp910573755	1XD8-76 sp910577955	UBA3282 sp009774175	UBA3282 sp910575245	UBA3282 sp009774655	UBA3282 sp910577735	UBA3282 sp910588215	UBA3282 sp910584725	MGYG000329173	MGYG000325371	MGYG000324467	UBA3282 sp910587095	UBA3282 sp009774585	UBA3282 sp910576815	UBA3282 sp910575775	UBA3282 sp003611805	UBA3282 sp910579285	UBA3282 sp910579505	MGYG000328328	MGYG000325448	MGYG000328360	MGYG000323430	UBA3282 sp003612405	UBA3282 sp009774215	MGYG000324289	Paralachnospira sp910588815	Paralachnospira sp022800815	Paralachnospira sp910587905	COE1 sp002490665	COE1 sp009774395	COE1 sp000403335	MGYG000410938	MGYG000325626	COE1 sp002358575	MGYG000325712	COE1 sp910586585	COE1 sp910586715	COE1 sp910579275	CAG-95 sp910585005	CAG-95 sp009917455	CAG-95 sp910579685	CAG-95 sp910579425	CAG-95 sp910579495	CAG-95 sp003612395	CAG-95 sp910586025	CAG-95 sp910577275	CAG-95 sp009911035	CAG-95 sp910585075	MGYG000410775	MGYG000325648	CAG-95 sp011959285	UBA7109 sp910576335	UBA7109 sp910575605	MGYG000323043	MGYG000405682	MGYG000368546	Ventrimonas sp910575255	Ventrimonas sp910577765	Ventrimonas sp910586255	Ventrimonas sp003611875	Ventrimonas sp009911065	MGYG000410706	MGYG000327273	Ventrimonas sp910577655	Ventrimonas sp022799175	MGYG000324149	UBA3402 sp910574345	UBA3402 sp910575585	MGYG000410803	UBA3402 sp910588325	UBA3402 sp022798105	UBA3402 sp022795805	UBA3402 sp002358555	UBA3402 sp910588865	UBA3402 sp022796015	UBA3402 sp910586845	UBA3402 sp910585435	UBA3402 sp910577935	UBA3402 sp910585645	UBA3402 sp021769025	1XD42-69 sp011959925	1XD42-69 sp009911505	1XD42-69 sp022794015	1XD42-69 sp910588565	1XD42-69 sp910577065	1XD42-69 sp910586645	Merdisoma sp009917555	Merdisoma sp910574255	Merdisoma sp011959465	Merdisoma sp910574835	Merdisoma sp910574475	MGYG000330323	Merdisoma sp022791635	Kineothrix sp011958945	Kineothrix sp910579935	Kineothrix sp910576535	MGYG000327499	Kineothrix sp000403275	Kineothrix sp910588855	Kineothrix sp910587275	MGYG000326008	Kineothrix sp910585965	Kineothrix sp009911195	RGIG4057 sp910587085	RGIG4057 sp910579615	UMGS1370 sp910577645	UMGS1370 sp910586755	UBA2882 sp910574745	Eubacterium_J sp910574915	Eubacterium_J sp910579075	Eubacterium_J sp910580075	Eubacterium_J sp910584595	MGYG000330231	MGYG000327453	Butyribacter sp910575435	Butyribacter sp910585905	MGYG000330019	Butyribacter sp009774235	VSOB01 sp009774625	VSOB01 sp910587155	VSOB01 sp910587635	Copromonas sp009917545	Copromonas sp910575275	Copromonas sp022792295	Copromonas sp910586315	Bariatricus sp022793995	Clostridium_Q sp910575795	RGIG4284 sp910576205	RGIG4284 sp022796795	RGIG7193 sp022793375	RGIG7193 sp022791755	Roseburia sp910587865	Roseburia sp910584215	MGYG000329248	Lachnospira sp910589305	Eubacterium_G sp910584795	Eubacterium_G sp910574895	Paralachnospira_A sp910588405	Paralachnospira_A sp910579325	CAG-317 sp910578495	CAG-317 sp011960265	JAAWJJ01 sp022796875	Blautia_A sp900551075	Blautia_A massiliensis	CAG-56 sp004793585	Enterocloster aldenensis	Enterocloster clostridioformis	Choladousia sp003612585	CAG-510 sp910577105	MGYG000325650	CAG-590 sp910585605	Blautia pseudococcoides	Eisenbergiella sp910585455	MGYG000392808	W0P33-017 sp910589045	SIG307 sp910579465	MGYG000326869	CAG-603 sp910583605	Marvinbryantia sp900550755	RGIG8607 sp910577045	MGYG000326584	MGBC114844 sp910585255	MGYG000325493	MGYG000329929	UBA2821 sp014799465	MGBC100174 sp910576895	Muricomes contortus_B	Extibacter muris	Anaerotignum sp910576545	Anaerotignum sp910578425	Coprocola sp910575055	Enterenecus sp910588495	Enterenecus sp910587285	MGYG000327450	Enterenecus sp910588625	Enterenecus sp910575695	MGYG000326888	Enterenecus sp910585155	MGYG000331159	Enterenecus sp910579595	MGYG000410353	Enterenecus sp910577525	Enterenecus sp910587395	MGYG000328307	Enterenecus sp910587255	Enterenecus sp910588105	MGYG000410945	Enterenecus sp910579155	MGYG000322966	MGYG000410761	Enterenecus sp910587205	MGYG000410914	Enterenecus sp910584285	MGYG000327286	Enterenecus sp910585265	Enterenecus sp910584835	Enterenecus sp910588135	MGYG000329348	MGYG000325584	MGYG000410874	MGYG000360698	Lawsonibacter sp003612335	Lawsonibacter sp910585815	Lawsonibacter sp910584605	Lawsonibacter sp910575265	MGYG000432202	Lawsonibacter sp022799835	MGYG000433528	Lawsonibacter sp022794495	MGYG000410681	Lawsonibacter sp910578735	MGYG000325175	Lawsonibacter sp022801435	Lawsonibacter sp009911645	Lawsonibacter sp943192995	MGYG000329509	Lawsonibacter sp022798855	Lawsonibacter sp910588455	Lawsonibacter sp910589085	Lawsonibacter sp022793355	MGYG000328991	Lawsonibacter sp022795855	Lawsonibacter sp022791995	MGYG000323117	Lawsonibacter sp000492175	MGYG000324476	MGYG000411366	MGYG000345714	MGYG000329989	Lawsonibacter sp910577805	MGYG000410703	MGYG000329873	Lawsonibacter sp022796195	MGYG000411569	MGYG000327081	Dysosmobacter sp009774015	Dysosmobacter sp910583785	Dysosmobacter sp910575815	Dysosmobacter sp910579365	Dysosmobacter sp910587705	Dysosmobacter sp910586735	Dysosmobacter sp910585385	Dysosmobacter sp022791875	Dysosmobacter sp910583695	Dysosmobacter sp000403435	Dysosmobacter sp022791135	Dysosmobacter sp910588175	Dysosmobacter sp022795445	Dysosmobacter sp910575505	Dysosmobacter sp009773995	Dysosmobacter sp022801815	Dysosmobacter sp910577405	Dysosmobacter sp910578935	Dysosmobacter sp910576865	MGYG000330291	MGYG000409008	Dysosmobacter sp910589315	Dysosmobacter sp910587525	Dysosmobacter sp910587875	Dysosmobacter sp910584995	Dysosmobacter sp910579435	MGYG000411389	MGYG000325877	Dysosmobacter sp910584075	Dysosmobacter sp910585245	MGYG000373829	Dysosmobacter sp910584465	MGYG000330443	MGYG000326793	Dysosmobacter sp910576845	MGYG000329180	Pelethomonas sp910578505	Pelethomonas sp910579965	Pelethomonas sp910579485	Pelethomonas sp910587785	Pelethomonas sp022800665	Pelethomonas sp009774055	Pelethomonas sp022804995	Pelethomonas sp014237695	Pelethomonas sp022795905	MGYG000326866	Pelethomonas sp910583885	Pelethomonas sp910588365	MGYG000410776	Pelethomonas sp910587645	Pelethomonas sp022800525	Pelethomonas sp910588045	MGYG000325557	Pelethomonas sp910579725	Pelethomonas sp910577915	Pelethomonas sp910587505	MGYG000325617	Evtepia sp910584805	Evtepia sp022792035	Evtepia sp910578575	Marseille-P3106 sp022799035	Marseille-P3106 sp910587345	Marseille-P3106 sp910588975	MGYG000410458	Marseille-P3106 sp910585735	Marseille-P3106 sp022792495	Marseille-P3106 sp022794215	Marseille-P3106 sp022800215	MGYG000326975	NSJ-51 sp910585415	MGYG000326314	MGYG000325278	CAJFPI01 sp022801715	MGYG000327336	MGYG000328896	MGYG000329428	MGYG000329835	MGYG000410456	CAKUEI01 sp022793685	Avoscillospira_A sp022792945	JAAWCD01 sp022793095	Acutalibacter sp910588935	Acutalibacter sp009936035	Acutalibacter sp910589395	Acutalibacter sp910574935	Acutalibacter sp009917445	Acutalibacter muris	Acutalibacter sp910587835	MGYG000406378	Acutalibacter sp009917525	MGYG000328916	Acutalibacter sp910574995	Acutalibacter sp910580045	Acutalibacter sp003612555	Acutalibacter sp910587995	Acutalibacter sp910588415	Acutalibacter sp910584745	MGYG000330157	MGYG000331301	MGYG000410931	MGYG000328573	Acutalibacter stercorigallinarum	Eubacterium_R sp011958665	MGYG000337810	MGYG000379997	MGYG000351739	MGYG000410251	MGYG000373138	MGYG000327182	Ruthenibacterium sp013316265	Ruminococcus sp910584195	Angelakisella sp910585525	Angelakisella sp022795575	Angelakisella sp910585535	Angelakisella sp013316495	Ruminiclostridium_E sp910588335	MGYG000410125	Ruminiclostridium_E sp910585505	UBA1405 sp022800935	MGYG000331296	MGYG000410015	UBA1394 sp910588145	Anaerotruncus sp000403395	Anaerotruncus sp003612625	Anaerotruncus colihominis_A	Anaerotruncus sp910586875	MGYG000410574	UBA3818 sp910583935	JAAVYW01 sp022791315	Faecivivens sp022793675	RGIG8773 sp910584715	QXXE01 sp009911355	QXXE01 sp910586575	MGYG000327912	Butyricicoccus sp910584935	Pseudobutyricicoccus sp910579575	MGYG000349368	Avispirillum sp011957885	MGYG000401352	Zhenpiania sp009911365	Zhenpiania sp910575405	Emergencia sp009936045	JAAVYD01 sp022790955	Fimisoma sp910588185	MGYG000410140	MGYG000323026	Coproplasma sp910579525	Coproplasma sp003979335	Coproplasma sp013316055	Coproplasma sp910577375	Coproplasma sp910586065	MGYG000328913	Coproplasma stercorigallinarum	MGBC120929 sp910583735	RACS-045 sp910579785	QANA01 sp910588425	MGYG000324257	HGM11386 sp022791055	RACS-047 sp013316045	CAG-475 sp910577815	MGYG000328446	Caccovivens sp910587225	CAG-41 sp910578235	MGYG000410260	MGYG000335786	MGYG000349464	CAG-269 sp022792395	MGYG000328872	MGYG000327552	RGIG8482 sp022796855	JAAWPK01 sp022791735	MGYG000375192	MGYG000323824	Akkermansia muciniphila_B	Akkermansia sp001580195	Parasutterella sp009767915	Turicimonas muris	MGYG000326933	Enterobacter hormaechei_A	Methylobacterium persicinum	MGYG000329730	MGYG000360301	Enterousia sp013316395	MGYG000410936	Scatocola sp910577205	MGYG000327352	MGBC118957 sp910584385	MGYG000391024	MGYG000323059	MGYG000328709	MGYG000411523	MGYG000331169	Nanosyncoccus sp003979185	MGYG000344322	Nanosyncoccus sp013316435	MGYG000348936	MGYG000341210	MGYG000331839	MGYG000328091	Avidehalobacter sp022797295	Avidehalobacter sp021771915	MGYG000410378	MGYG000411020	MGBC122484 sp910587245	MGBC122484 sp910586855	MGBC122484 sp910578465	MGBC122484 sp910587815	Megamonas funiformis	MGYG000325548	UBA1436 sp910576915	MGYG000331077	MGYG000324324	MGYG000333766	UBA3282 sp910578115	Anaerostipes hominis	Bacteroides thetaiotaomicron	C-19 sp910576345	MGYG000327462	MGYG000410493	Allobaculum sp910579655	MGBC163490 sp910588075	Limosilactobacillus urinaemulieris	Lactiplantibacillus plantarum	Enterococcus_D gallinarum	Lactococcus lactis	Granulicatella adiacens	Scybalousia sp910584255	CAG-710 sp000432595	MGYG000325543	MGYG000326942	Paratractidigestivibacter sp003150175	Collinsella stercoris	Collinsella sp900545445	Collinsella sp002232035	MGYG000330890	Cutibacterium acnes	MGYG000325467	MGYG000325647	MGYG000325468	MGYG000325561	CAG-873 sp014801485	MGYG000325408	CAG-873 sp910579605	CAG-485 sp014802175	CAG-485 sp014801875	CAG-485 sp014803765	MGYG000325797	MGYG000325348	MGYG000325391	MGYG000325606	MGYG000325480	CAG-485 sp014800535	CAG-485 sp014801585	MGYG000325583	MGYG000325430	MGYG000325719	MGYG000325338	MGYG000325306	MGYG000325603	UBA3263 sp014802435	MGYG000325316	MGYG000325659	MGYG000325628	MGYG000325657	MGYG000325523	MGYG000325354	MGYG000325392	JAAVFS01 sp014802385	MGYG000327349	Parabacteroides johnsonii	Parabacteroides sp910577325	Bacteroides faecis	Bacteroides bouchesdurhonensis	Bacteroides ovatus	Bacteroides caccae	MGYG000325504	Bacteroides salyersiae	Bacteroides stercorirosoris	MGYG000325502	Prevotella pectinovora	Prevotella sp000436915	MGYG000325596	Tidjanibacter sp910577285	Odoribacter sp910588375	Odoribacter sp910578985	Odoribacter sp009935865	Cryptobacteroides sp000431015	MGYG000325795	MGYG000326972	Pullibacteroides sp910578275	Barnesiella intestinihominis	MGYG000376875	MGYG000410984	MGYG000329711	Sporofaciens sp910584575	Sporofaciens sp011960625	MD308 sp910579335	14-2 sp910585625	14-2 sp910585895	14-2 sp004793545	14-2 sp910580195	14-2 sp910580015	14-2 sp910585395	14-2 sp910587895	MGYG000327388	MGYG000410811	MGYG000352925	MGYG000331207	MGYG000328397	14-2 sp910588965	14-2 sp910586005	14-2 sp022790855	Ventrimonas sp910588875	Ventrimonas sp910586205	Ventrimonas sp910588125	MGYG000329105	Ventrimonas sp022794255	MGYG000432287	Ventrimonas sp910584845	UBA3282 sp910587715	MGYG000411593	MGYG000323128	UBA3282 sp910578645	UBA3282 sp910579735	MGYG000325815	UBA3282 sp910579395	UBA3282 sp009774575	MGYG000329420	MGYG000323012	MGYG000325709	MGYG000325198	UBA3282 sp910578845	MGYG000325513	UBA3282 sp910588955	MGYG000325450	MGYG000325999	MGYG000411525	MGYG000325558	MGYG000322990	MGYG000330673	MGYG000368565	UBA7109 sp910580235	MGYG000324764	MGYG000324065	Roseburia sp910577925	Roseburia intestinalis	MGYG000328589	MGYG000393816	Butyribacter sp910579085	MGYG000329302	MGYG000348373	MGYG000325401	Butyribacter sp910586555	Butyribacter sp910586605	1XD8-76 sp003611955	1XD8-76 sp910584915	1XD8-76 sp022799355	Blautia coccoides	Blautia hominis	MGYG000330300	Blautia sp001304935	MGYG000411610	Acetatifactor sp910578215	MGYG000403847	Acetatifactor sp910585665	MGYG000410724	MGYG000329148	MGYG000331408	MGYG000331279	Acetatifactor sp910584375	MGYG000345025	Acetatifactor sp910586435	MGYG000330154	MGYG000327196	Acetatifactor sp910586215	Acetatifactor sp011959105	Acetatifactor sp910586515	MGYG000325688	MGYG000325419	Acetatifactor sp910585015	Acetatifactor sp910577665	MGYG000329799	Acetatifactor sp910588225	MGYG000410939	MGYG000327533	Acetatifactor sp022797535	Acetatifactor sp022793065	MGYG000329051	MGYG000324774	Lachnospira sp910587485	Anaerostipes caccae	1XD42-69 sp910585825	1XD42-69 sp910586725	MGYG000325395	1XD42-69 sp910586355	MGYG000330490	1XD42-69 sp910589105	MGYG000327486	MGYG000331229	UBA3402 sp910588505	UBA3402 sp022792815	UBA3402 sp910579515	MGYG000410806	MGYG000324300	MGYG000324807	MGYG000327237	MGYG000327181	CAG-95 sp910577445	CAG-95 sp002492465	CAG-95 sp910587305	CAG-95 sp910587295	MGYG000410955	MGYG000325519	MGYG000325286	CAG-95 sp000403495	CAG-95 sp014804245	MGYG000324752	MGYG000330445	COE1 sp014239155	MGYG000325661	COE1 sp011959805	COE1 sp009774245	MGYG000325434	COE1 sp910577115	COE1 sp000403215	COE1 sp910588595	COE1 sp910586095	MGYG000325380	MGYG000328561	COE1 sp910578795	COE1 sp003513705	Eubacterium_F sp910577295	Eubacterium_F sp910584065	Eubacterium_F sp910584245	Eubacterium_F sp910589665	Eubacterium_F sp910584645	MGYG000327551	VSOB01 sp910585345	VSOB01 sp910589075	Merdisoma sp910586955	Merdisoma sp910587955	MGYG000331110	Eubacterium_J plexicaudatum	Eubacterium_J sp910586445	Eubacterium_J sp910577225	Eubacterium_J sp009774535	Eubacterium_J sp910586225	Eubacterium_J sp910584345	MGYG000327547	MGYG000325711	MGYG000324920	Eubacterium_J sp910586045	MGYG000331263	Kineothrix sp910579645	Kineothrix sp023399455	Kineothrix sp910578405	MGBC164599 sp910584115	MGYG000330773	MGYG000323038	Caccovicinus sp910589195	Copromonas sp910585355	MGYG000329350	Copromonas sp900066535	MGYG000346909	Eisenbergiella porci	MGYG000379181	CAG-510 sp910578335	CAG-510 sp910577015	MGYG000325414	MGYG000328974	MGYG000329478	SIG307 sp910577175	Clostridium_Q symbiosum	Clostridium_Q sp009911305	Enterocloster bolteae	MGYG000330164	MGYG000325314	MGYG000323607	RGIG4057 sp910577675	RGIG8607 sp910588535	MGYG000325404	MGBC131033 sp910585655	MGYG000409986	MGYG000323124	MGYG000327294	RUG115 sp910578885	MGYG000328329	MGYG000410396	RGIG7193 sp910586125	MGYG000325636	Agathobacter sp910587655	MGYG000410161	MGYG000327199	RGIG3040 sp910585715	Butyrivibrio_A sp000431815	Butyrivibrio_A sp910577605	MGYG000325389	MGBC114844 sp910579865	CAG-303 sp910577835	CAG-303 sp910584685	MGYG000327534	An181 sp910585545	RGIG3002 sp910579805	MGYG000323516	MGBC120314 sp910584325	MGYG000328392	CAG-632 sp910587045	MGBC136627 sp910585935	MGBC165282 sp910589265	Mediterraneibacter_A sp022790755	Hungatella effluvii	Mobilitalea sp023395555	Fusicatenibacter saccharivorans	CAG-411 sp014799595	MGYG000323744	MGBC143606 sp910587935	C-53 sp003612525	Ruminococcus_B gnavus	Frisingicoccus caecimuris	MGYG000326088	Lawsonibacter sp900066645	MGYG000327494	MGYG000325423	Dysosmobacter sp022797935	MGYG000327261	Dysosmobacter sp910588005	Dysosmobacter sp001916835	Dysosmobacter sp910585165	MGYG000329398	MGYG000322989	MGYG000323872	Pelethomonas sp022797115	Pelethomonas sp910584045	MGYG000325682	MGYG000329870	MGYG000409933	MGYG000325610	Faecousia sp900544705	MGYG000327369	MGYG000327333	Marseille-P3106 sp905219705	Marseille-P3106 sp910577415	MGYG000329177	HGM13010 sp022800755	Flavonifractor plautii	Intestinimonas butyriciproducens	MGBC124762 sp910579775	MGYG000329700	MGYG000323009	MGYG000326780	MGYG000329402	MGYG000411571	MGYG000356933	MGYG000376485	Fimivicinus sp900544375	Ruminococcus_E sp910585865	UBA1417 sp900549945	MGYG000360413	Ruthenibacterium lactatiformans	MGYG000410556	UBA1394 sp900066845	MGYG000410798	MGYG000327515	MGYG000325568	MGYG000325411	MGYG000328314	UBA1405 sp910589145	CAG-115 sp910587135	CAG-115 sp910577365	CAG-115 sp910587465	Faecalibacterium sp900539945	Faecalibacterium longum	Faecalibacterium prausnitzii_F	MGYG000325416	UBA7177 sp910579545	UBA7177 sp910578965	Neobittarella massiliensis	Gemmiger formicilis	MGYG000328468	UBA866 sp022791945	UMGS1601 sp900545345	MGYG000410783	MGYG000330170	MGYG000330888	MGYG000329160	QXXE01 sp910586105	MGYG000330847	MGYG000325472	RACS-045 sp013316135	MGBC161649 sp910587685	Coproplasma sp910586035	Coproplasma sp910579295	Coproplasma sp910587825	Coproplasma sp910585705	Coproplasma sp910576655	MGYG000410549	MGYG000410782	Coproplasma sp910577555	Gallimonas sp910586985	Gallimonas sp910586365	Gallimonas sp910589015	Gallimonas sp910586825	Gallimonas sp910586675	Gallimonas sp910578065	Anaerocaecibacter sp910578545	Anaerocaecibacter sp910579205	Anaerocaecibacter sp910585055	MGYG000327384	MGBC157735 sp910588155	Pumilibacter sp910579245	UBA11524 sp000437595	MGYG000388556	Zhenpiania sp910583765	RGIG7179 sp022793795	VUNA01 sp002299625	MGYG000327020	Clostridioides difficile	MGYG000369796	MGYG000411069	MGYG000328055	MGYG000411369	Clostridium sp910588715	CAG-41 sp010206265	Parasutterella excrementihominis	Comamonas acidovorans	Escherichia coli	Klebsiella michiganensis	MGYG000408998	MGYG000324409	MGYG000366359	MGYG000411437	MGYG000350430	MGYG000346441	MGYG000330427	MGYG000322940	MGYG000410841	Zag111 sp910584405	Avigastranaerophilus sp910583875	MGBC122484 sp910583725	MGYG000326931	MGYG000405972	MGYG000328795	HGM10857 sp910578745	MGYG000410710	Acetatifactor muris	MGYG000325356	MGYG000329400	Coprocola sp910587735	MGYG000324401	MGYG000387050	MGYG000326286	Ruminococcus sp910576995	Ruminococcus sp910579835	Ruminococcus sp900540005	Ruminococcus sp002362175	Ruminococcus sp910577575	MGYG000410441	MGYG000365643	MGYG000369368	MGYG000330830	MGYG000324069	MGYG000392389	Coproplasma sp910578195	Gallimonas sp910588615	Fimimonas sp910586905	MGYG000329863	Pseudomonas aeruginosa	C-19 sp022799495	MGBC140090 sp910586805	MGYG000337677	Staphylococcus nepalensis	D16-34 sp910588485	UMGS1502 sp900552365	CACZQA01 sp900758075	MGYG000325313	Schaedlerella glycyrrhizinilytica_A	MGYG000322968	Butyribacter sp003612285	Butyribacter sp910580005	MGYG000325492	Acetatifactor sp910578815	Acetatifactor sp910583845	MGYG000328399	Acetatifactor sp910587755	MGYG000329698	CAG-95 sp009774465	MGYG000410124	UBA2882 sp002362385	MGYG000350270	MGYG000411484	1XD42-69 sp003612565	MGYG000324730	Blautia_A wexlerae	Bariatricus comes	Wujia sp002493625	MGYG000322947	MGYG000322925	MGYG000330643	MGYG000325949	Acutalibacter ornithocaccae	Eubacterium_R sp910577195	Avimonas_A sp022800315	UBA3818 sp904397845	MGYG000354216	MGYG000350425	MGYG000340095	MGYG000336507	Agrobacterium pusense	Brachyspira sp910578695	MGYG000325577	MGYG000325533	MGYG000325757	MGYG000325642	Limisoma sp900544305	MGYG000325491	MGYG000325376	Alistipes putredinis	MGYG000325739	MGYG000325349	MGYG000325640	Alistipes onderdonkii	Alistipes sp003979135	Alistipes communis	MGYG000330701	Alistipes sp900541585	MGYG000325578	Alistipes_A ihumii	Bacteroides eggerthii	Prevotella faecis	Prevotella sp900557405	MGYG000325643	Paraprevotella stercorigallinarum	MGYG000325375	C-19 sp009917405	MGYG000328692	MGYG000331358	UBA2730 sp022793235	Bacillus licheniformis	Mailhella sp910577155	MGYG000403150	COE1 sp910586405	COE1 sp009774345	MGYG000329391	MGYG000327122	MGYG000326060	MGYG000324350	Copromonas sp000435795	Kineothrix sp910586275	MGYG000327375	MGYG000331235	MGBC111451 sp910578605	MGYG000411179	MGYG000325311	Faecalibacterium prausnitzii	MGYG000325383	MGYG000323634	Pumilibacter muris	SFMI01 sp004556155	MGYG000329762	Escherichia ruysiae	Klebsiella variicola	Citrobacter_A rodentium	Citrobacter_A amalonaticus	MGYG000339089	UBA7185 sp910585405	Helicobacter_D ganmani	URXU01 sp900541915	Dielma sp001305055	Streptococcus danieliae	Streptococcus alactolyticus	MGYG000325510	CAG-582 sp910587065	MGBC119817 sp910586195	MGBC107952 sp910578855	MGYG000322996	MGYG000329305	Niallia sp001076885	MGYG000387335	UBA3282 sp910586615	MGYG000325700	UBA3282 sp910584965	MGYG000325483	MGYG000325802	MGYG000329183	UBA3282 sp910586705	UBA3282 sp910578715	UBA3282 sp910585555	MGYG000325820	UBA3282 sp910578475	MGYG000325646	MGYG000373306	MGYG000329401	MGYG000327529	Acetatifactor sp910577235	MGYG000410713	MGYG000325455	Butyribacter sp910588655	MGYG000330215	Eubacterium_F sp910583555	14-2 sp910588885	MGYG000325200	MGYG000410031	COE1 sp910588755	MGYG000325498	COE1 sp910585765	COE1 sp009774375	MGYG000324875	MGYG000328347	MGYG000331069	MGYG000330172	CAG-317 sp000433535	CAG-510 sp003979355	MGYG000325599	RGIG4057 sp910585065	CAG-603 sp022794265	CAG-603 sp910578175	MGYG000325692	MGYG000328520	MGYG000325327	UBA7050 sp003979345	MGYG000325605	MGBC140009 sp910586015	MGYG000327466	Clostridium_AP sp000509125	MGYG000329308	Coprocola sp910583755	MGYG000410975	Dysosmobacter welbionis	Scatomorpha sp900545405	MGYG000360335	MGYG000329306	Avispirillum sp910586545	Anaerocaecibacter sp910586925	Anaerocaecibacter sp910577995	MGBC157735 sp910585955	Pumilibacter sp910587595	Protoclostridium sp910587025	Coproplasma sp910587625	Coproplasma sp910579705	MGYG000327368	MGYG000327859	Lentihominibacter faecis	MGYG000324400	MGYG000357081	Lacticaseibacillus paracasei	Leuconostoc citreum	Enterococcus_E cecorum	MGYG000410809	Anaerotardibacter sp000434775	MGYG000325716	Bacteroides fragilis	Eubacterium_F sp910589595	Acetatifactor sp910584435	Butyribacter sp003611745	MGYG000410930	MGYG000410149	MGYG000328377	MGYG000324606	Dorea_A longicatena	MGYG000323390	CALWPV01 sp022794035	Dysosmobacter sp900763685	Evtepia sp004556345	Evtepia gabavorous	MGYG000387732	Avoscillospira_A sp022795735	Eubacterium_R sp009774735	MGYG000325665	Eubacterium_R sp910584985	MGYG000325508	Eubacterium_R sp910577215	MGYG000325451	MGYG000403628	MGYG000327108	Bittarella massiliensis	MGYG000327115	MGYG000331430	MGYG000358052	MGYG000325728	Brachyspira sp910588665	MGYG000410730	MGYG000325324	Sediminibacterium magnilacihabitans	MGYG000325708	MGYG000383351	MGYG000328450	MGYG000410978	MGYG000325740	MGYG000329907	CAG-303 sp910585215	Agathobacter rectalis	MGBC114844 sp910585855	Oliverpabstia sp002361775	Dorea_A longicatena_B	MGYG000324871	JAAVZI01 sp022791575	MGYG000330606	MGYG000411499	CAJFUH01 sp022799115	QAKD01 sp022793975	MGYG000378024	MGBC157735 sp910587445	Reyranella aquatilis	MGYG000339341	Heteroclostridium sp910585195	Collinsella bouchesdurhonensis	Desulfovibrio sp900319575	MGYG000325614	Dielma fastidiosa	UBA1067 sp902788415	UBA3282 sp910578555	Oliverpabstia intestinalis	MGYG000330584	MGYG000410602	Howiella sp022791355	QXXE01 sp910589115	Anaerocaecibacter sp910587805	Ventricola sp900542395	MGYG000330825	MGYG000376566	Methylovirgula sp021780015	CAG-267 sp910576955	MGYG000335208	MGYG000326756	Longicatena caecimuris	MGYG000325635	MGYG000324718	Lacrimispora indica	MGYG000326954	RACS-045 sp910588015	MGYG000325793	Coproplasma sp910578655	Coproplasma sp910578765	Parabacteroides faecavium	MGYG000325474	MGYG000352721	Helicobacter_C sp910577135	Lysinibacillus sp023337795	Gallimonas sp910588465	Ralstonia pickettii_B	51-20 sp910577095	MGYG000327731	MGYG000325751	MGYG000325340	MGYG000325552	Absicoccus sp000434355	MGYG000374819	MGYG000325616	Eubacterium_F sp003491505	Eubacterium_F sp900539115	Eubacterium_F sp910584875	Butyribacter sp910577825	MGYG000328455	MGYG000329982	MGYG000329041	MGYG000331355	VSOB01 sp910585205	Choladousia sp902363135	MGYG000325445	MGYG000324619	MGYG000325654	MGYG000330463	Lacrimispora celerecrescens_B	CAG-632 sp000431515	MGYG000322973	Robinsoniella sp900555455	Lawsonibacter asaccharolyticus	Enterenecus sp932222125	MGYG000330031	MGYG000327784	MGYG000329422	MGYG000336017	Faecousia sp910589155	MGYG000410450	Vescimonas coprocola	MGYG000390383	MGYG000322982	CAG-170 sp900553545	Oscillibacter sp002455655	MGYG000325106	Angelakisella sp022794295	UBA3818 sp910578255	MGYG000325720	MGYG000326653	Ruminococcus_C sp000433635	Harryflintia sp022792175	MGYG000410206	UMGS1668 sp900553955	Pseudobutyricicoccus sp910585875	MGYG000410157	Fimimonas sp910586625	MGYG000344714	MGYG000324647	MGYG000409944	MGYG000377617	MGYG000403771	MGYG000325091	MGYG000357633	Treponema_D sp014804085	Atopostipes sp910588235	MGYG000325609	MGYG000324383	Parabacteroides gordonii	Cryptobacteroides sp000434935	MGBC139354 sp910586295	MGBC119817 sp910585335	Coprosoma sp902783895	MGYG000327915	Bacillus spizizenii	Allobacillus halotolerans	Caccosoma sp905197115	MGYG000325901	MGYG000325369	MGYG000325412	Alistipes_A sp910583985	MGYG000325656	MGYG000325417	Acetatifactor intestinalis	MGYG000329006	Blautia_A faecis	Hominisplanchenecus faecis	MGYG000329682	Fimenecus sp900540295	Clostridium_AM scatologenes	MGYG000374388	MGYG000323085	Coprocola sp910587195	MGYG000323975	MGYG000330936	Alistipes shahii	Eisenbergiella sp900066775	Murimonas intestini	Mediterraneibacter torques	Caccousia sp900752115	MGYG000327130	Klebsiella pneumoniae	Citrobacter_A sedlakii	Proteus faecis	MGYG000410940	Ruminococcus sp002362135	MGYG000325359	MGYG000325563	Prevotella sp900313215	MGYG000325556	Alloprevotella sp900542795	Paraprevotella sp910584955	Paraprevotella clara	Alistipes sp910580175	MGYG000325594	MGYG000325683	RUG572 sp900547945	CAG-170 sp900548625	Vescimonas sp000435975	MGYG000325673	CAG-41 sp910585795	Massiliimalia timonensis	Klebsiella quasipneumoniae	Klebsiella oxytoca	Proteus mirabilis	Streptococcus thermophilus	MGYG000392040	MGYG000336888	MGYG000323672	MGYG000387283	Eisenbergiella tayi	Blautia sp000432195	Lachnospira eligens_A	Choladousia sp902363665	MGYG000328544	JAAWTG01 sp022801925	MGYG000325459	MGYG000325725	Alistipes sp910586375	Alistipes sp014796635	Alistipes sp910584485	MGYG000325702	MGYG000329018	MGYG000325591	Alistipes sp902363575	Alistipes sp017442365	MGYG000340909	Butyricimonas sp900184685	CAG-273 sp910589185	MGYG000327606	MGYG000375485	JAAWPK01 sp022799935	MGYG000388007	CAKPSH01 sp022795675	Coproplasma sp910577055	Coproplasma sp910578565	Coproplasma sp910583855	Pumilibacter sp022791915	MGYG000327260	Streptococcus danieliae_A	MGYG000325460	MGYG000330364	MGYG000325579	MGYG000409929	MGBC122484 sp910577395	MGYG000326706	Alistipes sp904502285	MGYG000325317	MGYG000323691	Tidjanibacter inops	Prevotella sp002265625	Prevotella sp900552515	Phocaeicola coprophilus	Paraprevotella sp003477995	MGYG000326974	Cryptobacteroides sp000432515	Butyricimonas synergistica	Butyricimonas sp003479425	Faecousia sp000434635	MGBC124762 sp910584395	Vescimonas sp900551995	Vescimonas sp900545585	Ruminiclostridium_E sp910579265	MGYG000323133	CAG-115 sp910579125	MGYG000327681	RGIG8773 sp910586535	MGYG000325664	MGYG000325398	Faecalibacterium sp900540455	MGYG000323027	MGYG000326165	MGYG000325440	MGYG000350587	Lachnospira sp910585095	MGYG000323782	MGYG000329879	Coprocola sp910586765	MGYG000410417	MGYG000327215	MGYG000351753	MGYG000403946	MGYG000340871	MGYG000330483	MGYG000375087	MGYG000380654	MGYG000433109	MGYG000329231	MGYG000410463	MGYG000325858	MGYG000410524	MGYG000329904	MGYG000328992	MGYG000328749	CAG-273 sp022797215	MGYG000329641	MGYG000365455	MGYG000410067	CAG-269 sp022791675	MGYG000328621	MGYG000329059	CAG-269 sp022794095	CAG-269 sp022795075	MGYG000342663	CAG-269 sp022794055	MGYG000365232	MGYG000328829	MGYG000332630	MGYG000330993	MGYG000329131	MGYG000329360	MGYG000329624	MGYG000326992	MGYG000411110	MGYG000323120	MGYG000329191	JAAWPK01 sp022792975	MGYG000328409	MGYG000331294	MGYG000329735	RGIG8482 sp022799315	MGYG000381662	MGYG000410934	MGYG000392056	MGYG000331304	MGYG000392748	UMGS1663 sp022791325	MGYG000331248	MGYG000330612	MGYG000410581	MGYG000324615	MGYG000324828	Anaerocaecibacter muris	MGYG000368690	Coproplasma sp910577875	Coproplasma sp910583545	Coproplasma sp910579585	MGYG000328739	Coproplasma sp910587365	Coproplasma sp910587015	Coproplasma sp910588685	Gallimonas sp910586655	Gallimonas sp910586245	Limiplasma sp900548145	MGBC101980 sp910576875	Caccovivens sp022793335	MGYG000330827	Caccovivens sp910584295	MGYG000322927	Dwaynesavagella sp000270205	Caloranaerobacter azorensis	MGYG000325321	MGYG000411329	MGYG000411579	MGYG000382271	Holdemanella sp900556915	MGYG000326094	MGYG000329498	MGYG000410618	MGBC162581 sp910587725	MGYG000324636	MGYG000393403	MGYG000326232	MGBC108787 sp910587325	MGYG000332018	MGYG000382898	Caccenecus sp910587745	MGBC162267 sp910588025	MGYG000339283	MGYG000411598	MGYG000326177	MGYG000411458	MGYG000352855	MGYG000333853	MGYG000326629	MGYG000388827	MGYG000328000	MGYG000388416	UBA7185 sp002491065	MGYG000358274	MGYG000331915	Stercorousia sp910588555	Prevotella sp900553595	Rikenella sp910577125	Alistipes_A indistinctus	MGYG000325402	MGYG000410739	Coproplasma sp910588645	MGYG000325461	MGYG000410947	MGYG000328716	Emergencia sp022767345	MGYG000377252	MGYG000413576	Rikenella sp910579375	MGYG000326979	Faecousia sp900544975	Vescimonas sp003539495	MGYG000323103	MGYG000325742	MGYG000323031	MGYG000327114	MGYG000325704	CAG-590 sp910584695	SIG299 sp910583815	MGYG000401852	MGBC114079 sp910579745	Coproplasma sp910585785	MGYG000410802	Coproplasma sp910578145	MGYG000325961	Coproplasma sp910587005	MGYG000323619	MGYG000325462	MGYG000325588	Coproplasma sp910586345	MGYG000410533	Gallimonas sp910588695	Gallimonas sp910585235	MGYG000324646	Gallimonas sp910585595	MGBC157735 sp022793815	Anaerocaecibacter sp910587455	Anaerocaecibacter sp910577435	Anaerocaecibacter sp910588315	MGYG000410645	Anaerocaecibacter sp910577945	MGYG000325722	MGYG000324927	MGYG000331340	MGYG000325536	RACS-045 sp910584635	MGYG000326065	MGYG000325675	MGYG000325553	MGYG000325718	MGYG000325353	RACS-045 sp910578245	MGBC100798 sp910577845	MGBC100798 sp910588545	CAG-475 sp910584155	MGYG000376978	Fimimonas sp910587795	MGYG000410634	MGYG000368618	MGBC116941 sp910585035	CAG-269 sp900556945	MGYG000331161	CAG-41 sp900066215	MGBC122484 sp910577515	MGYG000410279	MGBC122484 sp910587175	MGYG000329677	MGBC122484 sp910587375	MGYG000372439	MGYG000326479	MGYG000342110	Muribacter muris	MGYG000336045	Corynebacterium mastitidis	Phocaeicola sp000434735	Prevotella sp002299635	Prevotella sp000434975	Prevotella sp002251385	Prevotella sp900552675	Prevotella sp900543975	Prevotella sp000436035	Prevotella copri_B	Prevotella sp003447235	Alloprevotella sp900539625	UBA4372 sp900543815	UBA6398 sp003150315	MGYG000325629	MGYG000325649	MGYG000325521	MGBC100798 sp910584035	CAG-177 sp003514385	Enterobacter roggenkampii	Kosakonia cowanii	Morganella morganii	Enterococcus_B faecium	Enterococcus_B hirae	Enterococcus_A avium	Streptococcus sp000187445	Clostridium_AQ innocuum	Catenibacterium sp000437715	Mammaliicoccus sciuri	MGYG000330358	Kosmotoga_B pacifica	UBA3818 sp910587335	MGYG000325420	Massiliimalia sp910579175	Phocea massiliensis	MGYG000329752	MGYG000325714	Enterocloster lavalensis	MGYG000331096	MGYG000358607	Coprovivens sp910577505	Aneurinibacillus aneurinilyticus	Parolsenella catena	MGYG000330619	Mycobacterium aubagnense	Salinibacter ruber	Anaerostipes hadrus	UBA1417 sp003531055	Flemingibacterium sp900546315	Firm-10 sp934636425	Faecivicinus sp900553265	51-20 sp910587405	MGYG000362033	MGYG000325516	Streptococcus salivarius	Pseudomonas_E shahriarae	MGYG000366009	Parasutterella gallistercoris
SLC_SMT_NEG_18J	0.00245428837830592	0.0960666768962059	0.242105513306293	NA	NA	0.000147835829423976	NA	6.9423207074474e-06	2.75912746065217e-06	1.71777935453506e-05	0.507583506327658	1.56647236475736e-05	0.0140057760108286	7.92136593542075e-06	0.0311127222833186	0.000116328373905561	9.87945639136746e-06	0.0272221745555758	0.00102443732490666	0.000234792846490336	6.4973001492777e-06	NA	NA	2.75912746065217e-06	2.90153403926648e-05	0.0063897831824239	0.000505632358192419	0.000194384979808527	0.000203819415641725	2.79472910530575e-05	2.20730196852174e-05	1.92248881129313e-05	1.806783466169e-05	7.20933304234922e-06	0.00431438530734366	0.000706158621703688	0.00244743506171011	0.000775848841113064	1.69107812104488e-05	3.15964596300491e-05	2.93713568392005e-06	2.93713568392005e-06	4.53920969333099e-06	4.27219735842917e-06	3.026139795554e-06	1.15705345124123e-06	1.24605756287517e-06	8.09047374752524e-05	4.89522613986676e-06	6.31929192600981e-06	3.05284102904418e-05	1.9580904559467e-06	NA	3.27535130812903e-05	NA	NA	1.24605756287517e-06	1.60207400941094e-06	6.76431248417952e-06	4.04968707934432e-05	1.33506167450912e-06	NA	9.79045227973352e-07	1.9580904559467e-06	NA	NA	NA	NA	2.13609867921458e-06	NA	NA	NA	1.78008223267882e-06	NA	NA	0.000118019452026606	2.67012334901823e-06	1.15705345124123e-06	NA	1.24605756287517e-06	NA	6.40829603764376e-06	4.73501873892566e-05	4.00518502352735e-06	1.8156838773324e-05	9.70144816809957e-06	1.69107812104488e-06	1.33506167450912e-06	8.9004111633941e-07	NA	2.22510279084853e-06	NA	8.18837827032258e-06	3.82717680025946e-06	2.40311101411641e-06	NA	1.15705345124123e-06	NA	NA	NA	NA	NA	NA	9.79045227973352e-07	NA	NA	1.23715715171178e-05	1.9580904559467e-06	0.00432292970206052	0.00374947621080303	7.47634537725105e-05	3.58686569884782e-05	6.67530837254558e-06	1.31726085218233e-05	1.21935632938499e-05	5.20674053058555e-05	2.49211512575035e-05	3.64916857699158e-06	5.34024669803646e-06	8.9004111633941e-07	4.89522613986676e-06	4.71721791659887e-06	1.78008223267882e-05	2.13609867921458e-06	5.78526725620617e-06	NA	4.80622202823282e-06	8.63339882849228e-06	8.9004111633941e-07	2.22510279084853e-06	9.79045227973352e-07	2.22510279084853e-06	NA	9.79045227973352e-07	1.513069897777e-06	9.79045227973352e-07	NA	1.24605756287517e-06	NA	NA	7.38734126561711e-06	NA	NA	2.22510279084853e-06	2.84813157228611e-05	8.9004111633941e-07	0.000258823956631501	0.000336969566646101	1.04134810611711e-05	1.02354728379032e-05	NA	7.38734126561711e-06	7.56534948888499e-06	NA	1.9580904559467e-06	NA	NA	1.15705345124123e-06	NA	NA	2.93713568392005e-06	2.31410690248247e-06	1.60207400941094e-06	NA	NA	NA	1.86908634431276e-06	2.58111923738429e-06	NA	NA	1.15705345124123e-06	NA	NA	NA	NA	NA	2.93713568392005e-06	1.06804933960729e-06	NA	2.58111923738429e-06	1.9580904559467e-06	NA	NA	NA	NA	NA	NA	NA	NA	NA	NA	NA	NA	NA	NA	NA	6.9423207074474e-06	3.1685463741683e-05	2.93713568392005e-06	0.000660232500100575	4.00518502352735e-05	0.00187754173491799	5.23344176407573e-05	2.05599497874404e-05	8.9004111633941e-06	2.49211512575035e-06	NA	NA	6.9423207074474e-06	8.9004111633941e-07	6.31929192600981e-06	4.64601462729172e-05	1.18375468473142e-05	2.13609867921458e-06	4.9842302515007e-06	1.513069897777e-06	8.9004111633941e-07	NA	1.33506167450912e-06	1.42406578614306e-06	3.29315213045582e-06	8.98941527502805e-06	NA	1.513069897777e-06	NA	NA	2.04709456758064e-06	NA	NA	6.9423207074474e-06	2.04709456758064e-06	8.9004111633941e-07	1.60207400941094e-06	1.9580904559467e-06	NA	NA	9.79045227973352e-07	1.69107812104488e-06	1.9580904559467e-06	NA	NA	NA	3.20414801882188e-06	2.84813157228611e-06	1.06804933960729e-06	3.11514390718794e-06	NA	2.31410690248247e-06	NA	NA	NA	NA	NA	NA	NA	NA	NA	9.79045227973352e-07	NA	1.33506167450912e-06	NA	NA	NA	NA	NA	3.59576611001122e-05	0.000118019452026606	9.33653131040041e-05	0.0003026139795554	NA	6.76431248417952e-06	2.47431430342356e-05	NA	9.79045227973352e-07	1.15705345124123e-05	3.91618091189341e-06	NA	1.06804933960729e-06	2.84813157228611e-06	NA	8.9004111633941e-07	0.0186438692721849	6.36379398182678e-05	1.60207400941094e-06	8.56219553918513e-05	1.24605756287517e-06	1.86908634431276e-05	1.73558017686185e-05	1.03244769495372e-05	7.92136593542075e-06	1.52197030894039e-05	2.22510279084853e-06	1.15705345124123e-06	1.06804933960729e-06	3.38215624208976e-06	NA	1.15705345124123e-06	2.75912746065217e-06	1.60207400941094e-06	1.33506167450912e-06	NA	1.42406578614306e-06	8.63339882849228e-06	1.94028963361991e-05	1.78008223267882e-06	NA	3.82717680025946e-06	NA	NA	NA	8.94491321921107e-05	1.53977113126718e-05	3.64916857699158e-06	1.3528624968359e-05	6.14128370274193e-06	NA	NA	NA	NA	8.54439471685834e-06	NA	1.513069897777e-06	7.65435360051893e-06	NA	3.29315213045582e-06	1.78008223267882e-06	NA	NA	NA	1.32616126334572e-05	2.31410690248247e-05	3.026139795554e-06	0.000186018593314937	1.9580904559467e-06	NA	NA	1.9580904559467e-06	2.13609867921458e-06	NA	5.69626314457223e-06	NA	NA	2.88373321693969e-05	1.15705345124123e-06	1.6643768875547e-05	2.75912746065217e-06	2.31410690248247e-06	NA	NA	NA	NA	NA	NA	6.76431248417952e-06	NA	2.49211512575035e-06	NA	1.33506167450912e-06	NA	1.69107812104488e-06	NA	1.37956373032609e-05	NA	NA	NA	NA	NA	5.90097260133029e-05	1.15705345124123e-06	NA	4.53920969333099e-06	NA	NA	NA	NA	NA	NA	NA	5.92767383482047e-05	7.22713386467601e-05	3.4800607648871e-05	NA	1.83348469965919e-05	NA	NA	NA	NA	NA	NA	NA	2.50991594807714e-05	NA	NA	7.29833715398317e-06	NA	NA	0.000585558050439698	3.73817268862552e-06	NA	NA	NA	1.6643768875547e-05	2.40311101411641e-06	NA	2.93713568392005e-06	NA	NA	8.9004111633941e-07	NA	NA	7.74335771215287e-06	0.000120422563040722	2.90153403926648e-05	2.22510279084853e-06	NA	NA	0.000294069584838541	1.33506167450912e-05	6.4973001492777e-06	1.42406578614306e-06	9.79045227973351e-06	1.33506167450912e-06	2.97273732857363e-05	1.19265509589481e-05	1.33506167450912e-06	3.20414801882188e-06	NA	1.37956373032609e-05	NA	1.72667976569846e-05	NA	NA	NA	NA	0.000189578757780294	2.82143033879593e-05	1.07694975077069e-05	NA	1.513069897777e-06	NA	8.9004111633941e-07	1.82458428849579e-05	5.25124258640252e-06	2.58111923738429e-06	5.81196848969635e-05	5.96327547947405e-06	2.19840155735834e-05	1.69107812104488e-06	1.77118182151543e-05	0.000192782905799116	0.00172400964234944	1.06804933960729e-05	0.000155668191247763	0.00340627635634256	6.85331659581346e-06	4.62821380496493e-06	7.33393879863674e-05	1.93138922245652e-05	0.000362958767243212	0.00251089499330511	6.84441618465007e-05	8.54439471685834e-06	2.84813157228611e-06	4.71721791659887e-06	5.34024669803646e-06	8.72240294012622e-06	2.49211512575035e-06	1.9580904559467e-06	0.00106288710113252	1.0591489284439e-05	4.47690681518723e-05	0.000108763024416676	3.55126405419425e-05	1.10365098426087e-05	1.45966743079663e-05	0.000742294291027068	2.01149292292707e-05	5.69626314457223e-06	2.13609867921458e-06	2.75912746065217e-06	1.42406578614306e-06	1.42406578614306e-06	NA	6.23028781437587e-06	6.47949932695091e-05	NA	1.2104559182216e-05	8.9004111633941e-07	NA	3.73817268862552e-06	0.000275022704948878	5.87427136784011e-06	2.31410690248247e-06	NA	1.37956373032609e-05	NA	NA	7.20933304234922e-06	1.76228141035203e-05	0.000346136990144397	1.15705345124123e-06	2.40311101411641e-06	1.78008223267882e-06	NA	NA	NA	3.03504020671739e-05	NA	NA	NA	NA	1.2104559182216e-05	NA	7.74335771215287e-06	6.85331659581346e-06	1.59317359824754e-05	3.07064185137097e-05	NA	1.60207400941094e-06	7.38734126561711e-06	1.15705345124123e-06	NA	6.7910137176697e-05	8.18837827032258e-06	1.513069897777e-06	3.38215624208976e-06	7.47634537725105e-06	2.58111923738429e-06	1.06804933960729e-06	1.33506167450912e-06	NA	NA	NA	1.78008223267882e-06	NA	0.000125851813850393	NA	4.80622202823282e-06	1.6554764763913e-05	6.05227959110799e-06	9.79045227973352e-07	NA	2.93713568392005e-06	0.00028365610377737	NA	8.81140705176016e-06	2.13609867921458e-06	NA	2.14499909037798e-05	1.45966743079663e-05	1.42406578614306e-06	3.91618091189341e-06	NA	4.80622202823282e-05	0.000221531233856879	3.11514390718794e-06	3.73817268862552e-06	NA	9.87055598020406e-05	NA	9.79045227973352e-07	1.25495797403857e-05	1.74448058802524e-05	NA	NA	NA	9.79045227973352e-07	NA	2.58111923738429e-06	NA	1.9580904559467e-06	1.60207400941094e-06	0.000196788090822644	2.36750936946283e-05	NA	4.71721791659887e-06	4.03188625701753e-05	0.00126279033586236	8.0014696358913e-05	1.16595386240463e-05	1.9580904559467e-06	3.11514390718794e-05	NA	4.80622202823282e-06	NA	2.40311101411641e-06	8.09937415868863e-06	4.27219735842917e-06	1.30836044101893e-05	NA	1.24605756287517e-06	2.49211512575035e-06	NA	2.58111923738429e-06	9.79045227973352e-07	2.84813157228611e-06	5.60725903293829e-06	NA	NA	1.513069897777e-06	NA	1.33506167450912e-06	5.60725903293829e-06	8.98941527502805e-06	6.23028781437587e-06	2.49211512575035e-06	9.07841938666199e-06	1.42406578614306e-06	1.42406578614306e-06	NA	NA	NA	1.27275879636536e-05	NA	0.000236839941057917	5.60725903293829e-06	1.513069897777e-06	NA	1.69107812104488e-06	NA	NA	1.42406578614306e-06	8.9004111633941e-07	NA	5.02873230731767e-05	4.62821380496493e-06	1.69107812104488e-06	NA	NA	2.67902376018163e-05	0.000131815089329867	1.60207400941094e-06	1.29055961869215e-05	1.12145180658766e-05	4.80622202823282e-06	5.96327547947405e-06	1.09475057309747e-05	NA	6.31929192600981e-06	8.98941527502805e-06	1.30836044101893e-05	5.96327547947405e-06	NA	NA	NA	1.06804933960729e-06	0.000218861110507861	1.69107812104488e-06	NA	NA	3.11514390718794e-06	1.78008223267882e-06	NA	1.06804933960729e-06	1.09475057309747e-05	2.13609867921458e-06	NA	2.13609867921458e-06	NA	8.9004111633941e-07	1.02354728379032e-05	1.43296619730645e-05	7.47634537725105e-06	2.49211512575035e-06	NA	NA	1.82458428849579e-05	6.67530837254558e-06	NA	NA	3.82717680025946e-06	4.53920969333099e-06	1.33506167450912e-06	NA	2.31410690248247e-06	NA	9.79045227973352e-07	NA	7.21823345351262e-05	2.75912746065217e-06	1.15705345124123e-06	2.06489538990743e-05	3.026139795554e-06	2.40311101411641e-06	NA	1.24605756287517e-06	NA	0.000336346537864663	1.9580904559467e-06	1.60207400941094e-06	7.47634537725105e-06	3.95178255654698e-05	1.06804933960729e-06	NA	8.9004111633941e-06	3.73817268862552e-06	NA	2.04709456758064e-06	NA	3.20414801882188e-06	8.4553906052244e-06	NA	NA	NA	1.33506167450912e-06	NA	9.79045227973352e-07	2.13609867921458e-06	2.48321471458696e-05	1.33506167450912e-06	NA	NA	2.31410690248247e-06	1.22825674054839e-05	NA	2.5722188262209e-05	NA	4.39680311471669e-05	8.9004111633941e-07	1.06804933960729e-06	8.9004111633941e-07	5.51825492130434e-06	3.56016446535764e-06	3.73817268862552e-06	5.126636830115e-05	NA	NA	NA	7.20933304234922e-06	6.31929192600981e-06	2.75912746065217e-06	NA	NA	NA	NA	NA	NA	2.75912746065217e-06	NA	3.73817268862552e-06	NA	2.49211512575035e-06	4.80622202823282e-06	NA	3.4711603537237e-06	1.78008223267882e-06	5.60725903293829e-06	0.000185573572756767	2.5722188262209e-05	3.11514390718794e-06	2.75022704948878e-05	1.19265509589481e-05	4.5303092821676e-05	4.63711421612833e-05	1.63767565406452e-05	8.09937415868863e-06	1.33506167450912e-06	4.71721791659887e-06	3.91618091189341e-06	1.15705345124123e-06	0.000288907346363773	1.513069897777e-06	3.026139795554e-06	3.82717680025946e-06	NA	3.29315213045582e-06	NA	3.82717680025946e-06	1.513069897777e-06	1.33506167450912e-06	1.06804933960729e-06	NA	1.513069897777e-06	1.69107812104488e-06	1.53087072010379e-05	2.23400320201192e-05	0.000285258177786781	1.13035221775105e-05	4.00518502352735e-06	1.47746825312342e-05	8.72240294012622e-06	4.3790022923899e-05	NA	3.38215624208976e-05	7.65435360051893e-06	1.15705345124123e-06	1.24605756287517e-06	5.34024669803646e-06	2.49211512575035e-06	1.75338099918864e-05	NA	6.75541207301612e-05	1.33506167450912e-06	7.29833715398317e-06	NA	NA	2.40311101411641e-06	NA	2.31410690248247e-06	4.53920969333099e-06	1.69107812104488e-06	1.86908634431276e-06	NA	1.60207400941094e-06	1.15705345124123e-06	2.04709456758064e-06	NA	NA	5.94547465714726e-05	2.31410690248247e-06	5.33134628687307e-05	3.20414801882188e-06	0.000236394920499747	2.22510279084853e-06	NA	3.73817268862552e-06	1.06804933960729e-06	8.54439471685834e-06	1.69107812104488e-06	NA	2.13609867921458e-06	5.96327547947405e-06	3.20414801882188e-06	2.31410690248247e-06	3.4711603537237e-06	1.45076701963324e-05	6.76431248417952e-06	1.42406578614306e-06	3.38215624208976e-06	2.04709456758064e-05	8.36638649359046e-06	2.22510279084853e-06	1.15705345124123e-06	2.58111923738429e-06	1.24605756287517e-06	1.513069897777e-06	1.33506167450912e-06	1.24605756287517e-06	NA	1.69107812104488e-06	NA	NA	NA	9.79045227973352e-07	1.24605756287517e-06	2.22510279084853e-06	1.86908634431276e-06	0.000318990736096045	NA	NA	NA	2.93713568392005e-06	NA	3.026139795554e-06	1.21935632938499e-05	1.33506167450912e-06	1.78008223267882e-06	3.91618091189341e-06	1.42406578614306e-06	1.33506167450912e-06	9.79045227973352e-07	1.60207400941094e-06	NA	1.06804933960729e-06	9.79045227973352e-07	1.15705345124123e-06	NA	NA	2.01149292292707e-05	8.27738238195652e-06	NA	NA	NA	NA	NA	NA	0.000126652850855098	0.000125406793292223	2.93713568392005e-06	NA	3.72037186629874e-05	NA	4.09418913516129e-06	2.58111923738429e-06	NA	NA	NA	1.9580904559467e-06	NA	2.31410690248247e-06	5.07323436313464e-06	2.04709456758064e-06	0.000467004573743289	NA	0.000191625852347875	1.06804933960729e-06	NA	1.33506167450912e-06	3.56016446535764e-06	3.20414801882188e-06	2.13609867921458e-06	NA	1.513069897777e-06	NA	2.58111923738429e-06	NA	NA	NA	NA	1.15705345124123e-06	NA	NA	1.86908634431276e-06	3.82717680025946e-06	1.09475057309747e-05	NA	NA	NA	9.92395844718443e-05	NA	9.16742349829593e-06	NA	NA	7.28053633165638e-05	NA	1.07694975077069e-05	6.16798493623211e-05	8.9004111633941e-07	NA	NA	6.31929192600981e-06	3.29315213045582e-06	9.79045227973352e-07	NA	8.36638649359046e-06	NA	NA	NA	2.75912746065217e-06	1.15705345124123e-05	NA	2.75912746065217e-06	NA	NA	NA	NA	NA	0.000159762380382924	0.000109653065533015	NA	NA	NA	NA	NA	1.06804933960729e-05	NA	NA	1.513069897777e-06	NA	2.40311101411641e-06	NA	NA	0.000189400749557027	NA	1.5041694866136e-05	NA	NA	1.03244769495372e-05	NA	NA	NA	4.00518502352735e-06	2.75912746065217e-06	NA	NA	NA	NA	1.33506167450912e-06	NA	NA	NA	0.000289263362810308	7.98366881356451e-05	0.00682706038288145	1.0591489284439e-05	NA	2.19840155735834e-05	1.02354728379032e-05	8.9004111633941e-07	NA	NA	NA	NA	NA	1.34396208567251e-05	NA	NA	NA	NA	NA	NA	8.63339882849228e-06	NA	1.88688716663955e-05	NA	9.79045227973352e-07	NA	7.82346141262342e-05	3.91618091189341e-06	NA	1.73558017686185e-05	5.96327547947405e-06	NA	NA	NA	NA	NA	NA	1.6554764763913e-05	7.56534948888499e-06	3.64916857699158e-06	6.85331659581346e-05	0.000330650274720091	5.98107630180084e-05	NA	NA	NA	NA	8.9004111633941e-07	NA	NA	2.04709456758064e-06	NA	NA	NA	NA	NA	NA	NA	NA	NA	NA	NA	NA	NA	NA	NA	NA	NA	NA	NA	NA	NA	NA	NA	NA	NA	NA	NA	NA	NA	NA	NA	NA	NA	NA	NA	NA	1.33506167450912e-06	NA	NA	NA	NA	NA	NA	NA	NA	NA	NA	2.67012334901823e-06	2.84813157228611e-06	NA	NA	NA	NA	NA	NA	NA	NA	1.15705345124123e-06	1.9580904559467e-06	NA	1.24605756287517e-06	NA	NA	NA	NA	NA	NA	1.06804933960729e-05	1.9580904559467e-06	1.24605756287517e-06	NA	NA	8.9004111633941e-07	1.15705345124123e-06	NA	7.74335771215287e-06	1.15705345124123e-06	NA	NA	NA	NA	1.06804933960729e-06	NA	NA	NA	NA	8.9004111633941e-07	NA	NA	NA	9.79045227973352e-07	NA	NA	NA	8.9004111633941e-07	1.15705345124123e-06	NA	NA	1.33506167450912e-06	1.15705345124123e-06	NA	NA	1.15705345124123e-06	1.54867154243057e-05	1.33506167450912e-06	NA	9.79045227973352e-07	NA	NA	NA	NA	NA	NA	1.69107812104488e-06	9.79045227973352e-07	NA	NA	NA	NA	1.06804933960729e-06	NA	NA	NA	1.15705345124123e-06	NA	NA	NA	NA	NA	NA	8.9004111633941e-07	NA	NA	NA	1.513069897777e-06	NA	NA	9.79045227973352e-07	2.31410690248247e-06	NA	2.40311101411641e-06	2.49211512575035e-06	NA	NA	NA	NA	NA	NA	NA	NA	NA	NA	NA	NA	1.78008223267882e-06	NA	NA	NA	NA	NA	NA	NA	NA	NA	NA	NA	9.87945639136746e-06	9.79045227973352e-07	NA	NA	NA	NA	NA	NA	1.9580904559467e-06	NA	2.84813157228611e-06	1.78008223267882e-06	1.15705345124123e-06	2.04709456758064e-06	1.15705345124123e-06	9.79045227973352e-07	3.82717680025946e-06	NA	8.9004111633941e-07	5.34024669803646e-06	1.15705345124123e-06	7.65435360051893e-06	NA	1.33506167450912e-06	NA	NA	NA	NA	1.24605756287517e-06	3.64916857699158e-06	NA	1.15705345124123e-06	NA	NA	NA	NA	NA	NA	NA	NA	NA	1.60207400941094e-06	2.13609867921458e-06	NA	NA	NA	NA	1.15705345124123e-06	NA	NA	NA	1.06804933960729e-06	NA	NA	8.9004111633941e-07	9.79045227973352e-07	NA	1.60207400941094e-06	NA	NA	NA	NA	1.33506167450912e-06	7.47634537725105e-06	NA	NA	NA	9.79045227973352e-07	NA	NA	NA	NA	NA	1.52197030894039e-05	NA	8.9004111633941e-07	1.33506167450912e-06	NA	NA	NA	NA	NA	NA	NA	NA	NA	NA	NA	8.9004111633941e-07	NA	NA	1.15705345124123e-06	NA	NA	NA	NA	NA	NA	NA	NA	NA	NA	NA	NA	1.33506167450912e-06	NA	NA	NA	1.15705345124123e-06	NA	NA	NA	NA	1.15705345124123e-06	NA	NA	NA	NA	NA	NA	NA	NA	NA	NA	NA	NA	NA	NA	NA	NA	NA	NA	9.79045227973352e-07	1.69107812104488e-06	NA	NA	NA	NA	NA	NA	1.86908634431276e-06	NA	NA	NA	1.06804933960729e-06	NA	NA	NA	1.86908634431276e-06	2.67012334901823e-06	NA	NA	NA	NA	NA	NA	NA	NA	2.04709456758064e-06	NA	NA	NA	NA	NA	NA	NA	NA	NA	NA	NA	NA	1.24605756287517e-06	NA	NA	NA	NA	NA	2.04709456758064e-06	9.79045227973352e-07	NA	NA	NA	NA	1.33506167450912e-06	NA	NA	NA	1.15705345124123e-06	NA	NA	NA	NA	NA	NA	NA	NA	NA	NA	NA	NA	NA	NA	NA	NA	NA	NA	NA	NA	1.42406578614306e-06	9.25642760992987e-06	NA	NA	NA	NA	NA	NA	NA	NA	NA	NA	4.89522613986676e-06	NA	NA	NA	8.9004111633941e-07	NA	7.74335771215287e-06	NA	NA	NA	1.33506167450912e-06	NA	NA	3.56016446535764e-06	NA	1.15705345124123e-05	NA	4.80622202823282e-06	NA	1.12145180658766e-05	1.15705345124123e-06	NA	NA	NA	NA	NA	NA	NA	NA	NA	NA	NA	NA	9.79045227973352e-07	NA	NA	NA	NA	NA	1.33506167450912e-06	NA	NA	NA	2.04709456758064e-06	NA	NA	NA	NA	NA	NA	NA	NA	4.89522613986676e-06	NA	NA	NA	NA	NA	2.75912746065217e-06	NA	NA	NA	NA	NA	NA	1.15705345124123e-06	NA	NA	NA	NA	NA	NA	NA	1.15705345124123e-06	NA	NA	NA	NA	NA	NA	NA	NA	NA	NA	NA	NA	NA	NA	NA	NA	NA	NA	NA	NA	NA	NA	NA	NA	NA	NA	NA	NA	NA	NA	NA	NA	NA	NA	NA	NA	1.06804933960729e-06	NA	NA	NA	NA	NA	NA	NA	NA	NA	NA	NA	NA	NA	NA	NA	NA	NA	NA	NA	NA	NA	NA	NA	NA	NA	9.79045227973352e-07	5.78526725620617e-06	4.89522613986676e-06	NA	NA	NA	NA	NA	NA	NA	NA	NA	NA	NA	NA	NA	NA	NA	NA	NA	NA	NA	NA	8.9004111633941e-07	NA	NA	NA	NA	NA	NA	NA	3.64916857699158e-06	9.79045227973352e-07	NA	NA	8.9004111633941e-07	NA	NA	NA	NA	NA	NA	NA	NA	NA	NA	NA	NA	NA	NA	NA	9.79045227973352e-07	NA	1.24605756287517e-06	NA	NA	NA	NA	NA	NA	NA	NA	NA	NA	NA	NA	NA	NA	NA	NA	NA	NA	NA	NA	NA	NA	NA	NA	NA	NA	NA	NA	NA	NA	NA	NA	5.34024669803646e-06	NA	NA	NA	NA	NA	NA	NA	NA	1.06804933960729e-06	NA	NA	NA	NA	NA	NA	NA	NA	NA	NA	NA	NA	1.86908634431276e-06	NA	NA	NA	NA	NA	NA	NA	NA	NA	NA	NA	NA	NA	NA	NA	NA	NA	NA	NA	NA	NA	NA	NA	NA	NA	NA	NA	NA	NA	NA	NA	NA	NA	NA	NA	NA	NA	NA	NA	NA	NA	NA	NA	NA	NA	NA	NA	NA	NA	NA	NA	NA	NA	NA	NA	NA	NA	NA	NA	NA	NA	NA	NA	NA	NA	NA	NA	NA	NA	1.42406578614306e-06	NA	NA	NA	NA	NA	NA	NA	NA	NA	NA	NA	NA	NA	1.40626496381627e-05	NA	NA	NA	NA	NA	NA	NA	NA	NA	NA	NA	NA	NA	NA	NA	NA	NA	NA	NA	NA	NA	NA	NA	NA	NA	NA	NA	NA	NA	NA	NA	NA	NA	NA	NA	NA	NA	NA	NA	NA	NA	NA	NA	NA	NA	NA	NA	NA	NA	NA	NA	1.29946002985554e-05	NA	NA	NA	NA	NA	NA	NA	NA	NA	NA	NA	NA	NA	NA	NA	NA	NA	NA	NA	NA	NA	NA	NA	NA	NA	NA	NA	NA	NA	NA	NA	NA	NA	NA	NA	NA	NA	NA	NA	NA	NA	NA	NA	NA	NA	NA	NA	NA	NA	NA	NA	NA	NA	NA	NA	NA	NA	NA	NA	NA	NA	NA	NA	NA	8.9004111633941e-07	NA	NA	NA	NA	NA	NA	NA	NA	NA	NA	NA	NA	NA	NA	NA	NA	NA	NA	NA	NA	NA	NA	NA	NA	NA	NA	NA	NA	NA	NA	NA	NA	NA	NA	NA	NA	NA	NA	NA	NA	NA	NA	NA	NA	NA	NA	NA	NA	NA	NA	NA	NA	NA	NA	NA	NA	NA	NA	NA	NA	NA	NA	NA	NA	NA	NA	NA	NA	NA	NA	NA	NA	NA	NA	NA	NA	NA	NA	NA	NA	NA	NA	NA	NA	NA	NA	NA	NA	NA	NA	NA	NA	NA	NA	NA	NA	NA	NA	NA	NA	NA	NA	NA	NA	NA	NA	NA	NA	NA	NA	NA	NA	NA	NA	NA	NA	NA	NA	NA	NA	NA	NA	NA	NA	NA	NA	NA	NA	NA	NA	NA	NA	NA	NA	NA	NA	NA	NA	NA	NA	NA	NA	NA	NA	NA	NA	NA	NA	NA	NA	NA	NA	NA	NA	NA	NA	NA	NA	NA	NA	NA	NA	NA	NA	NA	NA	NA	NA	NA	NA	NA	NA	NA	NA	NA	NA	NA	NA	NA	NA	NA	NA	NA	NA	NA	NA	NA	NA	NA	NA	NA	NA	NA	NA	NA	NA	NA	NA	NA	NA	NA	NA	NA	NA	NA	NA	NA	NA	NA	NA	NA	NA	NA	NA	NA	NA	NA	NA	NA	NA	NA	NA	NA	NA	NA	NA	NA	NA	NA	NA	NA	NA	NA	NA	NA	NA	NA	NA	NA	NA	NA	NA	NA	NA	NA	NA	NA	NA	NA	NA	NA	NA	NA	NA	NA	NA	NA	NA	NA	NA	NA	NA	NA	NA	NA	NA	NA	NA	NA	NA	NA	NA	NA	NA	NA	NA	NA	NA	NA	NA	NA	NA	NA	NA	NA	NA	NA	NA	NA	NA	NA	NA	NA	NA	NA	NA	NA	NA	NA	NA	NA	NA	NA	NA	NA	NA	NA	NA	NA	NA	NA	NA	NA	NA
SLC_SMT_NEG_101J	0.000591743359062672	0.018020106419537	0.0685985237695723	NA	3.21366777188272e-06	0.000104337080327126	1.37116491600329e-05	0.0165345349308547	0.235133144398234	0.0124060430665761	0.152858536058638	6.08454431476462e-05	0.00711913109279273	8.99826976127162e-05	0.0315318654441589	3.85640132625926e-05	NA	0.0948421917728391	0.00560934997356223	0.000212959051016762	6.42733554376544e-06	2.57093421750618e-06	NA	4.92762391688684e-06	0.000211459339389883	0.00860984444991006	0.00801960080247427	0.000994308808620514	0.000483978366445538	8.24841394783232e-05	6.36306218832779e-05	8.95542085764652e-05	7.26288916445495e-05	6.32021328470268e-05	0.011025022902739	0.00217972372740899	0.00359180934637425	0.00220093393470341	0.000603098318523324	0.000234811991865564	2.54950976569363e-05	3.32079003094548e-05	4.77765275419898e-05	5.31326404951277e-05	2.14244518125515e-05	1.92820066312963e-05	1.60683388594136e-05	0.00232948064557872	5.84887534482655e-05	4.13491919982243e-05	0.00189156485053017	0.000147828717506605	5.97742205570186e-05	0.00106950863448257	6.42733554376544e-06	7.92704717064404e-06	1.92820066312963e-05	1.30689156056564e-05	0.00104572749297064	6.25593992926503e-05	1.77822950044177e-05	1.84250285587943e-05	0.000794418673209409	4.24204145888519e-05	4.17776810344754e-05	9.42675879752265e-06	1.73538059681667e-05	1.07122259062757e-05	6.85582458001647e-06	5.35611295313787e-06	NA	NA	4.07064584438478e-06	4.49913488063581e-06	5.99884650751441e-06	7.45570923076791e-05	NA	NA	NA	4.92762391688684e-06	NA	0.0151143080202007	0.0155556517275392	0.000293943478868206	0.000134545557382823	0.000226242211140544	4.67053049513622e-05	0.000225170988549916	0.000254522487533112	6.98437129089178e-05	3.5778834526961e-05	3.59930790450865e-05	0.000168396191246655	4.60625713969857e-05	6.19166657382738e-05	3.64215680813375e-05	7.49855813439302e-06	2.42096305481832e-05	9.42675879752265e-06	4.71337939876132e-06	8.56978072502059e-06	3.64215680813375e-06	1.04979813881502e-05	3.64215680813375e-06	5.99884650751441e-06	NA	0.0261048375555215	0.00739100738629401	0.00197426323452662	0.00387054146445555	0.00335485490932743	0.000340863028337694	0.000631592839434017	0.00108879064111387	0.000902397910344668	0.000367215104067132	0.000454198378426091	0.000151042385278488	0.000205246248364243	4.88477501326174e-05	8.24841394783232e-05	7.11291800176709e-05	0.000105408302917753	4.84192610963663e-05	1.07122259062757e-05	4.86335056144918e-05	2.76375428381914e-05	1.82107840406688e-05	4.99189727232449e-05	2.44238750663087e-05	1.04979813881502e-05	3.34221448275803e-05	9.21251427939713e-06	1.07122259062757e-05	2.99942325375721e-06	1.11407149425268e-05	3.64215680813375e-06	5.14186843501235e-06	4.92762391688684e-06	0.00613553451007849	0.0412729209497717	0.000900255465163413	0.00352817872449098	0.00233869315985812	0.000961743641865436	0.00115756313143216	0.000562606104597602	0.00123919029283798	0.00137480707281143	0.000475837074756768	3.72785461538396e-05	0.000189820643059206	0.000183393307515441	0.000146114761361601	9.51245660477285e-05	4.90619946507429e-05	8.48408291777038e-05	8.39838511052018e-05	6.68442896551606e-05	3.10654551281996e-05	2.80660318744424e-05	4.45628597701071e-05	2.99942325375721e-05	2.37811415119321e-05	2.01389847037984e-05	3.5778834526961e-05	3.12796996463252e-05	2.27099189213046e-05	8.59120517683314e-05	2.22814298850535e-05	3.92067468169692e-05	3.23509222369527e-05	3.74927906719651e-05	5.48465966401318e-05	1.02837368700247e-05	2.52808531388107e-05	1.58540943412881e-05	1.69253169319157e-05	9.85524783377368e-06	2.61378312113128e-05	5.35611295313787e-06	1.37116491600329e-05	8.99826976127162e-06	9.64100331564816e-06	1.30689156056564e-05	4.28489036251029e-06	1.86392730769198e-05	1.19976930150288e-05	1.82107840406688e-05	4.54198378426091e-05	2.01389847037984e-05	1.22119375331543e-05	1.13549594606523e-05	3.85640132625926e-06	NA	4.07064584438478e-06	0.0127006292789986	0.0106380973030043	0.00140437281631275	0.0123784055237379	0.00367836413169696	0.00722411090667423	0.00618138283695735	0.000757140127055569	0.000149542673651609	8.22698949601976e-05	0.000846694335632034	0.000312582751945126	0.000167967702210404	0.000109264704244013	0.000182322084924813	0.000285373698143186	0.000388639555879684	0.000277875140008793	8.91257195402141e-05	0.000119548441114037	5.48465966401318e-05	0.000311940018390749	0.000107336503580883	0.000114406572679025	9.23393873120968e-05	4.94904836869939e-05	4.3277392661354e-05	9.19108982758458e-05	5.31326404951277e-05	2.74232983200659e-05	5.31326404951277e-05	3.38506338638313e-05	5.827450893014e-05	5.50608411582573e-05	6.17024212201482e-05	0.000116334773342154	3.64215680813375e-05	2.54950976569363e-05	6.02027095932696e-05	3.77070351900906e-05	1.75680504862922e-05	6.17024212201482e-05	1.58540943412881e-05	2.14244518125515e-05	1.19976930150288e-05	2.54950976569363e-05	1.30689156056564e-05	3.96352358532202e-05	2.42096305481832e-05	3.89925022988437e-05	5.0347461759496e-05	1.4997116268786e-05	2.29241634394301e-05	4.58483268788602e-05	1.73538059681667e-05	5.99884650751441e-06	2.913725446507e-05	1.00694923518992e-05	8.56978072502059e-06	2.18529408488025e-05	2.39953860300576e-05	2.78517873563169e-06	3.79212797082161e-05	1.00694923518992e-05	5.99884650751441e-06	8.35553620689507e-06	5.57035747126338e-06	1.56398498231626e-05	1.19976930150288e-05	0.0199228119850097	0.00218186617259024	0.000986167516931744	0.00107507899195383	0.000239525371264325	0.000394852646905324	0.000220457609151155	8.20556504420721e-05	0.000187035464323574	0.000116977506896531	6.36306218832779e-05	2.01389847037984e-05	1.19976930150288e-05	2.46381195844342e-05	2.37811415119321e-05	1.64968278956646e-05	0.00871589548638219	0.00935070199358809	0.00161711762281139	0.00123640511410235	0.000724574960300491	0.000419062277453507	0.000416705587754126	5.54893301945083e-05	4.00637248894713e-05	8.91257195402141e-05	3.23509222369527e-05	1.71395614500412e-05	1.92820066312963e-05	9.34106099027244e-05	8.35553620689507e-06	4.71337939876132e-06	8.35553620689507e-06	5.14186843501235e-06	7.92704717064404e-06	0.00140265886016774	5.20614179045001e-05	0.000278517873563169	8.14129168876956e-05	5.09901953138725e-05	9.64100331564816e-06	1.11407149425268e-05	3.21366777188272e-06	1.02837368700247e-05	8.7840252431461e-06	0.000178465683598554	0.000145257783289099	5.69890418213869e-05	5.22756624226256e-05	0.00029758563567634	9.85524783377368e-06	7.49855813439302e-06	3.64215680813375e-06	0.00019967589089298	0.000101337657073368	9.19108982758458e-05	1.22119375331543e-05	0.000136045269009702	6.32021328470268e-05	1.71395614500412e-05	1.07122259062757e-05	7.49855813439302e-06	2.99942325375721e-06	4.92762391688684e-06	0.000336363893457058	0.00036828632665776	0.000328222601768289	9.4481832493352e-05	7.09149354995454e-05	2.48523641025597e-05	1.77822950044177e-05	1.69253169319157e-05	3.64215680813375e-06	1.52113607869115e-05	7.2843136162675e-06	1.60683388594136e-05	1.02837368700247e-05	1.88535175950453e-05	1.54256053050371e-05	6.85582458001647e-05	3.14939441644507e-05	2.2067185366928e-05	1.71395614500412e-05	1.04979813881502e-05	2.57093421750618e-06	5.35611295313787e-06	3.64215680813375e-06	6.21309102563993e-06	9.87667228558623e-05	0.000145900516843476	3.49218564544589e-05	1.15692039787778e-05	5.14186843501235e-06	7.71280265251853e-06	5.80602644120145e-05	2.78517873563169e-06	7.39143587533026e-05	1.62825833775391e-05	9.42675879752265e-06	7.92704717064404e-06	3.06369660919486e-05	6.14881767020227e-05	4.17776810344754e-05	7.2843136162675e-06	2.01389847037984e-05	3.94209913350947e-05	6.21309102563993e-06	2.72090538019404e-05	5.99884650751441e-06	3.29936557913293e-05	9.83382338196113e-05	3.49218564544589e-05	2.44238750663087e-05	0.000113549594606523	1.02837368700247e-05	8.35553620689507e-06	4.07064584438478e-06	1.4997116268786e-05	6.04169541113952e-05	3.85640132625926e-06	0.000160254899557885	8.7840252431461e-06	4.07064584438478e-06	5.35611295313787e-06	4.28489036251029e-06	2.1210207294426e-05	0.00010605103647213	9.42675879752265e-06	8.35553620689507e-06	5.99884650751441e-06	2.14244518125515e-06	NA	1.26404265694054e-05	9.64100331564816e-06	NA	0.000254522487533112	0.000507116774403093	7.22004026082985e-05	2.35668969938066e-05	6.85582458001647e-06	1.4997116268786e-05	NA	3.85640132625926e-06	2.35668969938066e-06	NA	4.92762391688684e-06	0.000256664932714367	3.44933674182079e-05	7.71280265251853e-06	NA	7.71280265251853e-06	0.000330579291467669	2.84945209106935e-05	1.39258936781585e-05	NA	8.89114750220886e-05	NA	3.17081886825762e-05	4.84192610963663e-05	4.49913488063581e-06	3.85640132625926e-06	5.35611295313787e-06	7.49855813439302e-06	2.14244518125515e-06	NA	1.43543827144095e-05	NA	NA	NA	0.00129596509014124	0.000352217987798346	7.73422710433108e-05	4.92762391688684e-06	1.02837368700247e-05	1.15692039787778e-05	7.07006909814199e-06	0.000395066891423449	1.99247401856729e-05	2.27099189213046e-05	0.000420776233598511	3.21366777188272e-05	0.0001351882909372	1.71395614500412e-05	0.00219557782175027	0.000480764698673655	0.00203360896604739	8.82687414677121e-05	0.000342576984482698	0.0003434339625552	3.34221448275803e-05	6.02027095932696e-05	0.000148042962024731	3.77070351900906e-05	0.0076159641303258	0.0014870712003092	7.47713368258046e-05	5.44181076038807e-05	7.09149354995454e-05	2.05674737400494e-05	1.69253169319157e-05	1.84250285587943e-05	1.56398498231626e-05	0.000162825833775391	0.0034973275138809	0.00113699565769211	0.00104508475941626	0.00055553603549946	0.000114406572679025	0.000121048152740916	7.39143587533026e-05	0.000425703857515398	5.52750856763828e-05	3.59930790450865e-05	5.8702997966391e-05	1.09264704244013e-05	6.64158006189096e-06	0.00206446017665746	3.04227215738231e-05	3.6207323563212e-05	8.18414059239466e-05	2.57093421750618e-06	0.000177608705526052	5.14186843501235e-06	2.35668969938066e-06	1.47828717506605e-05	1.34974046419074e-05	1.75680504862922e-05	2.78517873563169e-06	1.19976930150288e-05	2.89230099469445e-05	5.99884650751441e-06	NA	4.3277392661354e-05	0.000261378312113128	0.00101401930428806	1.13549594606523e-05	1.22119375331543e-05	1.30689156056564e-05	5.99884650751441e-06	2.57093421750618e-06	0.000559606681343844	7.07006909814199e-05	4.77765275419898e-05	0.000156398498231626	1.86392730769198e-05	7.92704717064404e-06	5.54893301945083e-05	5.22756624226256e-05	5.67747973032614e-05	2.69948092838149e-05	7.71280265251853e-05	7.11291800176709e-05	2.18529408488025e-05	5.35611295313787e-06	2.39953860300576e-05	2.18529408488025e-05	1.54256053050371e-05	7.07006909814199e-06	1.58540943412881e-05	1.82107840406688e-05	1.15692039787778e-05	8.35553620689507e-06	5.57035747126338e-06	9.42675879752265e-06	9.85524783377368e-06	NA	NA	5.99884650751441e-06	4.71337939876132e-06	3.42791229000824e-06	0.000419062277453507	1.64968278956646e-05	2.2495674403179e-05	1.30689156056564e-05	1.30689156056564e-05	1.26404265694054e-05	9.27678763483479e-05	3.72785461538396e-05	6.64158006189096e-06	3.42791229000824e-06	5.57035747126338e-05	7.71280265251853e-06	6.42733554376544e-06	6.34163773651524e-05	4.69195494694877e-05	8.14129168876956e-06	7.07006909814199e-06	2.78517873563169e-06	7.9484716224566e-05	6.12739321838972e-05	1.67110724137901e-05	2.78517873563169e-05	1.22119375331543e-05	4.39201262157305e-05	4.92762391688684e-06	1.13549594606523e-05	1.52113607869115e-05	1.99247401856729e-05	4.07064584438478e-06	2.99942325375721e-06	4.07064584438478e-06	8.56978072502059e-06	2.35668969938066e-06	3.85640132625926e-06	2.35668969938066e-06	7.71280265251853e-06	4.07064584438478e-06	0.000135616779973451	8.82687414677121e-05	1.32831601237819e-05	1.17834484969033e-05	5.18471733863746e-05	6.36306218832779e-05	0.000123190597922171	2.1638696330677e-05	1.62825833775391e-05	8.14129168876956e-06	6.21309102563993e-06	1.86392730769198e-05	8.35553620689507e-06	5.57035747126338e-06	7.92704717064404e-06	1.11407149425268e-05	2.1638696330677e-05	2.57093421750618e-06	3.21366777188272e-06	4.07064584438478e-06	3.21366777188272e-06	3.21366777188272e-06	NA	3.85640132625926e-06	1.17834484969033e-05	1.79965395225432e-05	0.000176965971971675	9.64100331564816e-06	9.64100331564816e-06	0.000286016431697562	1.37116491600329e-05	6.79155122457882e-05	2.1638696330677e-05	6.85582458001647e-06	1.11407149425268e-05	5.7846019893889e-06	7.92704717064404e-06	4.92762391688684e-06	5.14186843501235e-06	2.35668969938066e-06	5.22756624226256e-05	6.64158006189096e-06	7.2843136162675e-06	1.17834484969033e-05	2.35668969938066e-06	2.35668969938066e-06	5.35611295313787e-06	5.57035747126338e-06	3.85640132625926e-06	NA	4.49913488063581e-06	NA	0.000667371673960978	9.51245660477285e-05	8.56978072502059e-06	1.04979813881502e-05	2.37811415119321e-05	8.95542085764652e-05	4.07064584438478e-06	2.69948092838149e-05	3.68500571175885e-05	2.35668969938066e-05	2.03532292219239e-05	1.19976930150288e-05	1.71395614500412e-05	6.21309102563993e-06	7.71280265251853e-06	3.06369660919486e-05	3.94209913350947e-05	2.78517873563169e-05	2.14244518125515e-05	NA	2.35668969938066e-06	NA	3.53503454907099e-05	5.57035747126338e-06	NA	4.71337939876132e-06	1.69253169319157e-05	4.49913488063581e-06	NA	1.4997116268786e-05	7.49855813439301e-05	4.28489036251029e-06	2.78517873563169e-06	2.99942325375721e-06	NA	2.2067185366928e-05	2.76375428381914e-05	2.46381195844342e-05	2.07817182581749e-05	1.24261820512799e-05	NA	NA	0.000466410315959246	2.1638696330677e-05	2.72090538019404e-05	1.4997116268786e-05	1.17834484969033e-05	4.49913488063581e-06	5.7846019893889e-06	3.64215680813375e-06	3.85640132625926e-06	1.32831601237819e-05	3.34221448275803e-05	3.64215680813375e-06	1.22119375331543e-05	NA	4.09207029619733e-05	6.70585341732861e-05	7.49855813439302e-06	2.1638696330677e-05	6.21309102563993e-06	3.42791229000824e-06	3.64215680813375e-06	0.000456983557161723	8.56978072502059e-06	5.14186843501235e-06	NA	6.04169541113952e-05	5.99884650751441e-06	2.14244518125515e-06	2.8708765428819e-05	1.19976930150288e-05	2.78517873563169e-06	3.42791229000824e-06	4.67053049513622e-05	2.89230099469445e-05	2.80660318744424e-05	5.99884650751441e-06	0.000129617933465936	9.21251427939713e-06	2.69948092838149e-05	1.19976930150288e-05	3.64215680813375e-06	NA	5.35611295313787e-06	3.64215680813375e-06	2.07817182581749e-05	3.85640132625926e-06	1.39258936781585e-05	1.07122259062757e-05	4.07064584438478e-06	1.24261820512799e-05	3.85640132625926e-06	7.45570923076791e-05	4.71337939876132e-06	1.04979813881502e-05	2.72090538019404e-05	7.92704717064404e-06	4.71337939876132e-06	1.11407149425268e-05	4.92762391688684e-06	3.21366777188272e-06	2.99942325375721e-06	NA	1.4997116268786e-05	1.28546710875309e-05	5.57035747126338e-06	2.57093421750618e-06	NA	NA	5.99884650751441e-06	NA	NA	5.99884650751441e-06	2.14244518125515e-06	5.14186843501235e-06	8.35553620689507e-06	7.92704717064404e-06	NA	8.56978072502059e-06	0.000186178486251072	6.83440012820392e-05	1.82107840406688e-05	0.000413063430945992	9.29821208664734e-05	0.000124047575994673	0.000132403112201568	2.67805647656893e-05	0.000238454148673698	1.22119375331543e-05	2.97799880194465e-05	1.11407149425268e-05	8.99826976127162e-06	1.13549594606523e-05	8.99826976127162e-06	6.21309102563993e-06	5.57035747126338e-06	7.92704717064404e-06	8.35553620689507e-06	5.14186843501235e-06	3.21366777188272e-06	3.42791229000824e-06	4.71337939876132e-06	4.71337939876132e-06	5.35611295313787e-06	2.99942325375721e-06	7.49855813439302e-06	2.78517873563169e-06	5.57035747126338e-06	2.14244518125515e-06	4.3705881697605e-05	7.75565155614363e-05	0.000132188867683443	2.59235866931873e-05	2.59235866931873e-05	2.913725446507e-05	4.79907720601153e-05	4.84192610963663e-05	NA	7.26288916445495e-05	8.6983274358959e-05	2.82802763925679e-05	1.71395614500412e-05	3.10654551281996e-05	7.71280265251853e-06	1.22119375331543e-05	4.49913488063581e-06	8.7840252431461e-06	1.02837368700247e-05	1.09264704244013e-05	NA	NA	9.64100331564816e-06	7.07006909814199e-06	2.14244518125515e-06	7.71280265251853e-06	3.64215680813375e-06	7.07006909814199e-06	1.84250285587943e-05	6.42733554376544e-06	2.99942325375721e-06	3.64215680813375e-06	3.21366777188272e-06	3.85640132625926e-06	6.27736438107758e-05	0.000160683388594136	2.78517873563169e-05	2.18529408488025e-05	8.63405408045824e-05	0.000100052189964615	1.56398498231626e-05	1.4140138196284e-05	1.64968278956646e-05	2.57093421750618e-05	1.94962511494218e-05	2.2495674403179e-05	7.71280265251853e-06	1.58540943412881e-05	4.4134370733856e-05	4.92762391688684e-06	3.49218564544589e-05	2.01389847037984e-05	1.4140138196284e-05	8.7840252431461e-06	6.64158006189096e-06	2.65663202475638e-05	9.64100331564816e-06	5.99884650751441e-06	4.28489036251029e-06	5.57035747126338e-06	2.99942325375721e-06	2.14244518125515e-06	3.64215680813375e-06	4.92762391688684e-06	3.64215680813375e-06	2.35668969938066e-06	NA	NA	4.07064584438478e-06	5.57035747126338e-06	6.25593992926503e-05	2.63520757294383e-05	0.000239096882228074	3.81355242263416e-05	3.89925022988437e-05	7.71280265251853e-06	2.76375428381914e-05	6.27736438107758e-05	1.4140138196284e-05	8.7840252431461e-06	1.92820066312963e-05	1.17834484969033e-05	4.49913488063581e-06	8.7840252431461e-06	3.64215680813375e-06	4.28489036251029e-06	4.92762391688684e-06	9.64100331564816e-06	2.57093421750618e-06	7.07006909814199e-06	3.64215680813375e-06	0.000370857260875266	0.000240596593854953	1.62825833775391e-05	3.49218564544589e-05	2.52808531388107e-05	7.47713368258046e-05	1.58540943412881e-05	4.28489036251029e-06	3.85640132625926e-06	4.49913488063581e-06	8.14129168876956e-06	8.44123401414528e-05	4.39201262157305e-05	8.26983839964487e-05	6.85582458001647e-06	9.21251427939713e-06	2.78517873563169e-06	6.64158006189096e-06	2.63520757294383e-05	4.71337939876132e-06	7.71280265251853e-06	6.42733554376544e-06	8.56978072502059e-06	5.35611295313787e-06	0.000166467990583525	0.00059517127135268	3.14939441644507e-05	0.000535825539831912	0.000485906567108667	8.31268730326997e-05	9.46960770114775e-05	9.51245660477285e-05	2.72090538019404e-05	1.30689156056564e-05	4.24204145888519e-05	8.7840252431461e-06	0.000161540366666638	1.11407149425268e-05	1.13549594606523e-05	2.1638696330677e-05	9.42675879752265e-06	3.85640132625926e-06	NA	2.57093421750618e-06	NA	9.06254311670927e-05	6.85582458001647e-05	1.26404265694054e-05	3.08512106100741e-05	4.49913488063581e-06	0.000296514413085712	4.28489036251029e-06	3.21366777188272e-06	0.00040984976317411	2.35668969938066e-06	3.34221448275803e-05	1.13549594606523e-05	3.29936557913293e-05	1.79965395225432e-05	3.10654551281996e-05	3.42791229000824e-06	4.71337939876132e-06	NA	3.21366777188272e-06	3.64215680813375e-05	3.36363893457058e-05	1.19976930150288e-05	3.85640132625926e-06	NA	6.94152238726668e-05	5.57035747126338e-06	3.85640132625926e-06	NA	5.35611295313787e-06	0.000449699243545455	2.99942325375721e-06	0.00012469030954905	0.00012704699924843	2.9565743501321e-05	NA	0.000194534022457967	7.07006909814199e-06	0.000304227215738231	8.89114750220886e-05	3.19224332007017e-05	1.60683388594136e-05	NA	3.64215680813375e-06	2.35668969938066e-06	0.000474123118611764	2.33526524756811e-05	NA	NA	2.31384079575556e-05	NA	NA	5.35611295313787e-06	6.21309102563993e-06	8.99826976127162e-06	NA	NA	NA	2.27099189213046e-05	NA	NA	NA	6.85582458001647e-06	3.85640132625926e-06	NA	NA	4.07064584438478e-06	NA	7.49855813439302e-06	1.00694923518992e-05	NA	NA	8.22698949601976e-05	1.77822950044177e-05	0.000653874269319071	0.00203082378731175	NA	1.22119375331543e-05	1.90677621131708e-05	9.21251427939713e-06	1.34974046419074e-05	3.94209913350947e-05	NA	NA	NA	5.99884650751441e-06	0.00013326009027407	0.000209959627763004	6.89867348364157e-05	6.64158006189096e-06	3.44933674182079e-05	6.89867348364157e-05	6.04169541113952e-05	1.47828717506605e-05	4.15634365163499e-05	8.35553620689507e-06	4.92762391688684e-06	4.71337939876132e-06	4.67053049513622e-05	NA	2.14244518125515e-06	2.2495674403179e-05	NA	NA	2.35668969938066e-06	NA	2.57093421750618e-06	6.21309102563993e-06	NA	6.42733554376544e-06	8.7840252431461e-06	2.99942325375721e-06	4.07064584438478e-06	NA	NA	3.21366777188272e-06	NA	2.35668969938066e-06	NA	NA	NA	1.04979813881502e-05	4.28489036251029e-06	NA	2.35668969938066e-06	NA	NA	NA	NA	NA	NA	3.42791229000824e-06	NA	5.7846019893889e-06	NA	2.99942325375721e-06	2.14244518125515e-06	2.35668969938066e-06	3.85640132625926e-06	2.14244518125515e-06	NA	NA	NA	3.21366777188272e-06	8.14129168876956e-06	5.14186843501235e-06	6.21309102563993e-06	7.49855813439302e-06	5.35611295313787e-06	3.64215680813375e-06	3.64215680813375e-06	3.21366777188272e-06	5.57035747126338e-06	NA	4.71337939876132e-06	3.64215680813375e-06	NA	4.28489036251029e-06	2.57093421750618e-06	4.49913488063581e-06	2.35668969938066e-06	3.21366777188272e-06	NA	NA	5.35611295313787e-05	0.000100909168037117	4.49913488063581e-06	2.99942325375721e-06	NA	NA	2.35668969938066e-06	NA	2.99942325375721e-06	7.2843136162675e-06	NA	NA	2.99942325375721e-06	5.7846019893889e-06	2.99942325375721e-06	NA	2.78517873563169e-06	NA	NA	4.28489036251029e-06	NA	2.99942325375721e-06	NA	NA	2.57093421750618e-06	NA	2.14244518125515e-06	9.64100331564816e-06	6.42733554376544e-06	8.35553620689507e-06	5.57035747126338e-06	5.35611295313787e-06	NA	2.35668969938066e-06	9.21251427939713e-06	3.42791229000824e-06	2.14244518125515e-06	NA	NA	NA	4.49913488063581e-06	4.49913488063581e-06	NA	3.42791229000824e-06	NA	2.99942325375721e-06	NA	2.78517873563169e-06	4.49913488063581e-06	NA	NA	NA	2.35668969938066e-06	2.78517873563169e-06	NA	4.07064584438478e-06	NA	2.14244518125515e-06	NA	NA	2.78517873563169e-06	NA	2.99942325375721e-06	2.99942325375721e-06	NA	NA	NA	NA	NA	4.92762391688684e-06	NA	3.21366777188272e-06	2.78517873563169e-06	4.07064584438478e-06	3.42791229000824e-06	NA	NA	NA	NA	NA	NA	NA	3.85640132625926e-06	NA	3.21366777188272e-06	3.85640132625926e-06	NA	NA	NA	2.57093421750618e-06	2.14244518125515e-06	2.14244518125515e-06	NA	NA	2.78517873563169e-06	NA	2.57093421750618e-06	NA	4.92762391688684e-06	4.07064584438478e-06	3.64215680813375e-06	NA	5.35611295313787e-06	2.35668969938066e-06	3.85640132625926e-06	NA	5.57035747126338e-06	NA	NA	NA	NA	NA	NA	3.64215680813375e-06	NA	2.35668969938066e-06	NA	NA	NA	NA	NA	NA	5.57035747126338e-06	7.92704717064404e-06	NA	NA	2.78517873563169e-06	NA	NA	NA	NA	NA	NA	2.99942325375721e-06	NA	3.21366777188272e-06	2.14244518125515e-06	NA	2.35668969938066e-06	NA	NA	4.07064584438478e-06	2.14244518125515e-06	2.35668969938066e-06	7.07006909814199e-06	NA	NA	4.71337939876132e-06	2.99942325375721e-06	2.14244518125515e-06	4.28489036251029e-06	NA	NA	NA	7.71280265251853e-06	NA	4.07064584438478e-06	7.2843136162675e-06	NA	NA	NA	NA	2.35668969938066e-06	3.21366777188272e-06	NA	3.42791229000824e-06	NA	3.42791229000824e-06	NA	NA	NA	NA	2.57093421750618e-06	NA	NA	NA	2.57093421750618e-06	2.14244518125515e-06	4.07064584438478e-06	3.42791229000824e-06	NA	4.49913488063581e-06	NA	2.35668969938066e-06	4.07064584438478e-06	NA	2.14244518125515e-06	9.64100331564816e-06	3.42791229000824e-06	2.35668969938066e-06	2.14244518125515e-06	NA	NA	NA	3.21366777188272e-06	NA	2.35668969938066e-06	NA	1.37116491600329e-05	NA	2.14244518125515e-06	2.78517873563169e-06	NA	8.14129168876956e-06	NA	6.85582458001647e-06	NA	NA	NA	NA	NA	NA	2.99942325375721e-06	NA	NA	NA	NA	NA	3.42791229000824e-06	NA	NA	NA	NA	NA	NA	3.42791229000824e-06	NA	3.21366777188272e-06	2.78517873563169e-06	3.85640132625926e-06	NA	NA	NA	4.49913488063581e-06	NA	4.92762391688684e-06	NA	2.78517873563169e-06	4.92762391688684e-06	NA	NA	NA	NA	NA	NA	2.57093421750618e-06	NA	NA	NA	2.14244518125515e-06	NA	2.14244518125515e-06	2.78517873563169e-06	2.57093421750618e-06	NA	NA	NA	NA	NA	NA	NA	NA	2.78517873563169e-06	NA	NA	NA	2.14244518125515e-06	7.49855813439302e-06	NA	2.99942325375721e-06	3.21366777188272e-06	2.57093421750618e-06	NA	2.57093421750618e-06	NA	NA	NA	2.14244518125515e-06	NA	2.78517873563169e-06	NA	NA	2.78517873563169e-06	3.21366777188272e-06	2.57093421750618e-06	3.42791229000824e-06	NA	4.28489036251029e-06	NA	NA	NA	NA	NA	NA	NA	NA	2.99942325375721e-06	NA	NA	NA	NA	NA	3.64215680813375e-06	NA	NA	NA	NA	NA	NA	NA	2.35668969938066e-06	NA	NA	NA	3.42791229000824e-06	NA	NA	NA	NA	NA	NA	NA	NA	NA	2.35668969938066e-06	NA	NA	NA	3.64215680813375e-06	NA	NA	NA	NA	NA	NA	NA	NA	NA	NA	NA	NA	NA	NA	NA	NA	2.35668969938066e-06	NA	2.57093421750618e-06	NA	NA	NA	2.35668969938066e-06	7.71280265251853e-06	NA	NA	NA	NA	NA	NA	NA	NA	NA	2.57093421750618e-06	6.21309102563993e-06	3.85640132625926e-06	NA	3.21366777188272e-06	NA	NA	NA	6.42733554376544e-06	2.78517873563169e-06	NA	NA	NA	NA	NA	NA	NA	3.42791229000824e-06	NA	NA	NA	NA	NA	NA	NA	NA	2.35668969938066e-06	NA	NA	NA	NA	NA	NA	NA	NA	NA	NA	NA	NA	NA	5.7846019893889e-06	3.21366777188272e-06	NA	NA	5.35611295313787e-06	2.99942325375721e-06	3.21366777188272e-06	3.42791229000824e-06	4.28489036251029e-06	NA	2.57093421750618e-06	NA	NA	NA	NA	NA	NA	2.99942325375721e-06	4.71337939876132e-06	NA	NA	NA	NA	NA	2.14244518125515e-06	NA	NA	NA	2.35668969938066e-06	NA	NA	NA	NA	NA	2.57093421750618e-06	NA	NA	NA	NA	NA	NA	NA	4.71337939876132e-06	NA	NA	4.71337939876132e-06	4.49913488063581e-06	NA	NA	5.14186843501235e-06	NA	1.58540943412881e-05	NA	2.35668969938066e-06	NA	NA	NA	NA	NA	NA	NA	NA	NA	NA	2.35668969938066e-06	2.57093421750618e-06	NA	NA	NA	2.14244518125515e-06	NA	1.26404265694054e-05	NA	NA	NA	NA	4.92762391688684e-06	NA	NA	2.57093421750618e-06	6.21309102563993e-06	4.49913488063581e-06	3.21366777188272e-06	NA	NA	NA	NA	NA	NA	NA	NA	NA	NA	NA	NA	NA	NA	NA	2.57093421750618e-06	NA	NA	NA	NA	NA	NA	NA	NA	NA	NA	NA	NA	NA	NA	2.57093421750618e-06	NA	NA	NA	NA	NA	NA	NA	NA	NA	NA	NA	NA	NA	NA	NA	NA	3.85640132625926e-06	NA	NA	2.14244518125515e-06	NA	NA	NA	NA	NA	NA	NA	NA	NA	NA	NA	NA	NA	NA	NA	NA	2.57093421750618e-06	NA	NA	NA	NA	NA	NA	NA	NA	NA	NA	NA	NA	NA	NA	NA	NA	NA	NA	NA	NA	NA	NA	NA	NA	NA	NA	NA	NA	NA	2.99942325375721e-06	NA	8.14129168876956e-06	NA	NA	NA	NA	8.56978072502059e-06	NA	NA	NA	4.07064584438478e-06	NA	NA	NA	2.14244518125515e-06	NA	NA	NA	NA	NA	NA	NA	NA	NA	NA	NA	NA	NA	NA	NA	2.57093421750618e-06	NA	NA	NA	NA	2.35668969938066e-06	2.78517873563169e-06	NA	NA	NA	NA	NA	NA	NA	NA	NA	NA	NA	NA	NA	NA	NA	NA	NA	NA	NA	NA	NA	NA	2.57093421750618e-06	2.14244518125515e-06	NA	NA	NA	NA	3.64215680813375e-06	NA	NA	NA	NA	NA	NA	NA	NA	NA	NA	NA	NA	NA	NA	NA	NA	NA	NA	NA	NA	2.14244518125515e-06	NA	NA	NA	NA	NA	NA	NA	NA	4.28489036251029e-06	NA	NA	NA	NA	NA	NA	NA	NA	NA	NA	NA	NA	NA	NA	NA	NA	NA	NA	NA	NA	NA	NA	NA	NA	NA	NA	NA	NA	NA	NA	NA	NA	NA	NA	NA	NA	NA	NA	NA	NA	NA	NA	NA	NA	NA	NA	NA	NA	NA	NA	NA	NA	NA	NA	NA	NA	NA	NA	NA	NA	NA	NA	NA	NA	NA	NA	NA	NA	NA	NA	NA	NA	NA	NA	NA	NA	NA	2.14244518125515e-06	NA	NA	NA	NA	NA	NA	NA	NA	NA	NA	NA	NA	NA	NA	NA	NA	3.42791229000824e-06	NA	NA	NA	NA	NA	NA	NA	NA	NA	NA	NA	NA	NA	NA	NA	NA	NA	NA	NA	NA	NA	NA	NA	NA	NA	NA	NA	NA	NA	NA	NA	NA	NA	NA	NA	NA	NA	NA	NA	NA	NA	NA	NA	NA	NA	NA	NA	NA	NA	NA	NA	NA	NA	NA	NA	NA	NA	NA	NA	NA	NA	NA	NA	NA	NA	NA	NA	NA	NA	NA	NA	NA	NA	NA	NA	NA	NA	NA	NA	NA	NA	NA	NA	NA	NA	NA	NA	NA	NA	NA	NA	NA	NA	NA	NA	NA	NA	NA	NA	NA	NA	NA	NA	NA	NA	NA	NA	NA	NA	NA	NA	NA	NA	NA	NA	NA	NA	NA	NA	NA	NA	NA	NA	NA	NA	NA	NA	NA	NA	NA	NA	NA	NA	NA	NA	NA	NA	NA	NA	NA	NA	NA	NA	NA	NA	NA	NA	NA	NA	NA	NA	NA	NA	NA	NA	NA	NA	NA	NA	NA	NA	NA	NA	NA	NA	NA	NA	NA	NA	NA	NA	NA	NA	NA	NA	NA	NA	NA	NA	NA	NA	NA	NA	NA	NA	NA	NA	NA	NA	NA	NA	NA	NA	NA	NA	NA	NA	NA	NA	NA	NA	NA	NA	NA	NA	NA	NA	NA	NA	NA	NA	NA	NA	NA	NA	NA	NA	NA	NA	NA	NA	NA	NA	NA	NA	NA	NA	NA	NA	NA	NA	NA	NA	NA	NA	NA	NA	NA	NA	NA	NA	NA	NA	NA	NA	NA	NA	NA	NA	NA	NA	NA	NA	NA	NA	NA	NA	NA	NA	NA	NA	NA	NA	NA	NA	NA	NA	NA	NA	NA	NA	NA	NA	NA	NA	NA	NA	NA	NA	NA	NA	NA	NA	NA	NA	NA	NA	NA	NA	NA	NA	NA	NA	NA	NA	NA	NA	NA	NA	NA	NA	NA	NA	NA	NA	NA	NA	NA	NA	NA	NA	NA	NA	NA	NA	NA	NA	NA	NA	NA	NA	NA	NA	NA	NA	NA	NA	NA	NA	NA	NA
SLC_SMT_NEG_17J	0.00182229875175369	0.0637092158448512	0.240629247611623	NA	NA	0.000172434311027781	1.78101166319774e-05	0.0257072842567474	0.106166914793973	0.0217064844206005	0.151287226179576	0.000178101166319774	0.033928272183917	8.50028293798922e-05	0.000886458077818876	2.83342764599641e-05	1.05241598279867e-05	0.00841447055785333	0.000737500738715065	0.000251770285115681	8.09550755998973e-06	NA	NA	NA	0.000800645697682985	0.00421856898951065	0.0010281294601187	0.000310057939547607	0.000191053978415758	6.39545097239189e-05	2.9143827215963e-05	3.40011317519569e-05	2.50960734359682e-05	1.37623628519825e-05	0.00146042956382215	0.00195506507573752	0.00158348127873399	0.000445252915799435	0.000263103995699666	3.31915809959579e-05	1.70005658759784e-05	1.29528120959836e-05	1.45719136079815e-05	1.13337105839856e-05	NA	NA	NA	0.000396679870439497	0.00014167138229982	1.13337105839856e-05	0.000948793486030797	6.0716306699923e-05	2.18578704119723e-05	0.000815217611290966	NA	NA	8.90505831598871e-06	NA	0.000249341632847684	3.157247948396e-05	9.71460907198768e-06	NA	0.000142480933055819	1.45719136079815e-05	2.18578704119723e-05	NA	8.09550755998973e-06	NA	NA	NA	NA	NA	NA	NA	NA	0.000393441667415501	NA	NA	NA	NA	NA	0.00455048479947023	0.00732400568952271	0.000310867490303606	0.000103622496767869	0.000247722531335686	7.52882203079045e-05	0.000195101732195753	0.000165148354223791	9.39078876958809e-05	5.10016976279353e-05	3.88584362879507e-05	0.000131956773227833	4.20966393119466e-05	5.01921468719364e-05	5.58590021639292e-05	1.86196673879764e-05	2.59056241919672e-05	1.05241598279867e-05	NA	1.05241598279867e-05	NA	NA	NA	1.21432613399846e-05	NA	0.0976812037695921	0.00507669279086956	0.012598228864856	0.00555270863539696	0.00531712936540126	0.000327868056179584	0.000428252349923457	0.00100465248819473	0.000792550190122995	0.000532684397447325	0.000373202898515527	0.000199149485975747	0.00016595790497979	2.9143827215963e-05	0.000112527555083857	0.000130337671715835	0.000129528120959836	9.79556414758758e-05	1.70005658759784e-05	6.71927127479148e-05	3.31915809959579e-05	3.23820302399589e-05	5.10016976279353e-05	2.67151749479661e-05	NA	3.31915809959579e-05	1.13337105839856e-05	1.21432613399846e-05	1.05241598279867e-05	1.05241598279867e-05	NA	9.71460907198768e-06	1.21432613399846e-05	0.0195862709906392	0.012606324372416	0.00889210550389273	0.00131875818152233	0.00176077289429777	0.00146042956382215	0.00106132104111465	0.000477634946039394	0.00112770420310657	0.000849218743042923	0.00036267873868754	3.31915809959579e-05	0.000255818038895676	0.000187006224635763	0.000356202332639548	0.000133575874739831	2.26674211679713e-05	9.39078876958809e-05	9.0669684671885e-05	0.00020481634126774	4.77634946039394e-05	2.75247257039651e-05	5.18112483839343e-05	2.83342764599641e-05	1.94292181439754e-05	3.0762928727961e-05	4.53348423359425e-05	4.20966393119466e-05	2.50960734359682e-05	5.42399006519312e-05	1.94292181439754e-05	2.75247257039651e-05	3.88584362879507e-05	1.78101166319774e-05	3.157247948396e-05	1.53814643639805e-05	3.56202332639548e-05	2.50960734359682e-05	1.21432613399846e-05	1.21432613399846e-05	2.18578704119723e-05	NA	1.13337105839856e-05	NA	2.18578704119723e-05	1.13337105839856e-05	8.90505831598871e-06	1.86196673879764e-05	1.05241598279867e-05	2.18578704119723e-05	3.157247948396e-05	3.40011317519569e-05	1.37623628519825e-05	1.21432613399846e-05	8.90505831598871e-06	NA	NA	0.0137720774610545	0.010261055832287	0.00383969923570313	0.0111135127783539	0.00459339098953818	0.00350859297649955	0.00222545502824118	0.000651688358579174	0.000301962431987617	0.000136004527007828	0.000784454682563005	0.000170005658759784	0.000216150051851726	7.85264233319004e-05	0.000195911282951752	0.00016595790497979	0.000227483762435712	0.000179720267831772	0.000130337671715835	0.000153005092883806	5.26207991399333e-05	0.000207244993535737	8.82410324038881e-05	0.000144909585323816	8.17646263558963e-05	5.50494514079302e-05	4.20966393119466e-05	9.47174384518799e-05	5.66685529199281e-05	2.42865226799692e-05	6.0716306699923e-05	3.23820302399589e-05	4.53348423359425e-05	5.26207991399333e-05	4.29061900679456e-05	0.000140861831543821	4.12870885559476e-05	2.9143827215963e-05	4.77634946039394e-05	2.59056241919672e-05	2.02387688999743e-05	3.96679870439497e-05	1.13337105839856e-05	2.67151749479661e-05	1.94292181439754e-05	3.80488855319518e-05	1.45719136079815e-05	3.40011317519569e-05	2.83342764599641e-05	3.0762928727961e-05	2.9953377971962e-05	1.94292181439754e-05	2.02387688999743e-05	2.9143827215963e-05	2.50960734359682e-05	9.71460907198768e-06	3.23820302399589e-05	1.29528120959836e-05	1.86196673879764e-05	1.29528120959836e-05	2.83342764599641e-05	NA	4.29061900679456e-05	NA	2.18578704119723e-05	1.86196673879764e-05	NA	1.05241598279867e-05	NA	0.0143711450204938	0.00201254317941345	0.000578019239783267	0.00084355188775093	0.000437157408239446	0.000232341066971705	0.000235579269995701	7.12404665279097e-05	0.000242865226799692	0.000105241598279867	5.66685529199281e-05	4.53348423359425e-05	2.26674211679713e-05	1.70005658759784e-05	2.75247257039651e-05	2.75247257039651e-05	0.00309167433716008	0.00736367367656666	0.00214126174961728	0.000553732717103298	0.00107265475169864	0.000845170989262928	0.000510016976279353	6.31449589679199e-05	5.66685529199281e-05	9.1479235427884e-05	2.75247257039651e-05	2.42865226799692e-05	1.53814643639805e-05	5.74781036759271e-05	NA	NA	NA	NA	8.90505831598871e-06	0.00106779744716265	5.90972051879251e-05	0.00492368769798576	0.00010281294601187	4.53348423359425e-05	1.13337105839856e-05	1.53814643639805e-05	NA	NA	1.13337105839856e-05	0.000487349555111382	0.000162719701955794	4.61443930919415e-05	0.000102003395255871	0.000169196108003785	9.71460907198768e-06	8.90505831598871e-06	NA	0.000151385991371808	0.000237198371507699	0.0001578623974198	NA	7.20500172839086e-05	4.29061900679456e-05	1.78101166319774e-05	8.09550755998973e-06	NA	NA	NA	0.000365107390955537	0.000220197805631721	0.00016595790497979	8.74314816478891e-05	5.50494514079302e-05	1.61910151199795e-05	2.9143827215963e-05	NA	NA	2.18578704119723e-05	NA	1.21432613399846e-05	NA	NA	9.71460907198768e-06	4.04775377999487e-05	4.61443930919415e-05	1.37623628519825e-05	1.29528120959836e-05	NA	NA	NA	8.09550755998973e-06	NA	0.000103622496767869	8.33837278678943e-05	3.88584362879507e-05	1.05241598279867e-05	1.29528120959836e-05	NA	0.000660593416895162	NA	5.82876544319261e-05	2.02387688999743e-05	9.71460907198768e-06	1.70005658759784e-05	1.86196673879764e-05	1.21432613399846e-05	4.93825961159374e-05	NA	NA	1.86196673879764e-05	NA	3.64297840199538e-05	1.21432613399846e-05	1.13337105839856e-05	0.000267151749479661	3.48106825079559e-05	2.9143827215963e-05	8.74314816478891e-05	9.71460907198768e-06	1.13337105839856e-05	NA	5.34303498959323e-05	3.40011317519569e-05	8.09550755998973e-06	9.39078876958809e-05	NA	NA	NA	NA	3.96679870439497e-05	2.18578704119723e-05	NA	2.26674211679713e-05	1.29528120959836e-05	NA	1.78101166319774e-05	1.21432613399846e-05	1.78101166319774e-05	1.45719136079815e-05	0.000348106825079559	0.000140052280787822	1.86196673879764e-05	NA	NA	NA	NA	NA	NA	NA	1.61910151199795e-05	0.000290628721403631	4.20966393119466e-05	1.05241598279867e-05	NA	1.05241598279867e-05	0.000215340501095727	2.67151749479661e-05	1.05241598279867e-05	NA	2.59056241919672e-05	NA	1.78101166319774e-05	NA	NA	2.9143827215963e-05	NA	NA	NA	NA	9.71460907198768e-06	NA	NA	NA	0.000144100034567817	3.88584362879507e-05	NA	NA	NA	NA	NA	0.000169196108003785	NA	NA	3.88584362879507e-05	NA	1.21432613399846e-05	NA	0.00492854500252175	0.00029953377971962	0.000253389386627679	0.00011009890281586	0.000187006224635763	0.000154624194395804	2.34769719239702e-05	1.13337105839856e-05	3.23820302399589e-05	3.157247948396e-05	0.00125399412104241	0.000909125498986847	3.157247948396e-05	1.94292181439754e-05	1.05241598279867e-05	0.00013438542549583	1.13337105839856e-05	NA	NA	1.21432613399846e-05	0.000161100600443796	0.000597448457927242	5.66685529199281e-05	0.00016595790497979	7.44786695519056e-05	6.39545097239189e-05	5.42399006519312e-05	6.88118142599127e-05	1.78101166319774e-05	NA	NA	NA	NA	0.000328677606935583	NA	2.26674211679713e-05	0.000246912980579687	NA	0.000136814077763827	1.13337105839856e-05	NA	1.86196673879764e-05	1.29528120959836e-05	NA	NA	NA	NA	NA	NA	0.000320582099375594	0.000295486025939625	4.93825961159374e-05	3.64297840199538e-05	1.70005658759784e-05	NA	NA	0.000352154578859553	0.000215340501095727	0.000450919771091428	1.70005658759784e-05	1.70005658759784e-05	8.90505831598871e-06	NA	0.000124670816423842	9.71460907198768e-05	0.000108479801303862	5.9906755943924e-05	4.77634946039394e-05	3.72393347759528e-05	NA	1.70005658759784e-05	3.31915809959579e-05	2.02387688999743e-05	1.37623628519825e-05	8.09550755998973e-06	1.37623628519825e-05	NA	NA	8.90505831598871e-06	NA	NA	1.78101166319774e-05	NA	NA	NA	NA	NA	0.00018943487690376	2.9143827215963e-05	0.000205625892023739	1.13337105839856e-05	3.64297840199538e-05	NA	NA	7.12404665279097e-05	1.45719136079815e-05	1.86196673879764e-05	4.53348423359425e-05	NA	NA	9.1479235427884e-05	4.85730453599384e-05	NA	8.90505831598871e-06	NA	1.37623628519825e-05	3.40011317519569e-05	NA	1.13337105839856e-05	NA	NA	NA	1.13337105839856e-05	2.18578704119723e-05	NA	NA	NA	NA	NA	NA	NA	NA	NA	NA	0.000511636077791351	2.9953377971962e-05	NA	0.000237198371507699	5.01921468719364e-05	NA	8.17646263558963e-05	1.29528120959836e-05	1.53814643639805e-05	9.71460907198768e-06	8.09550755998973e-06	NA	NA	1.29528120959836e-05	1.29528120959836e-05	NA	NA	NA	NA	NA	NA	NA	NA	NA	NA	0.000119813511887848	NA	9.71460907198768e-06	1.13337105839856e-05	0.00037886975380752	1.94292181439754e-05	4.37157408239446e-05	2.9953377971962e-05	1.45719136079815e-05	2.50960734359682e-05	NA	NA	NA	NA	2.67151749479661e-05	3.40011317519569e-05	NA	NA	1.70005658759784e-05	NA	NA	NA	NA	NA	NA	NA	NA	0.000184577572367766	3.88584362879507e-05	1.78101166319774e-05	NA	1.21432613399846e-05	4.85730453599384e-05	NA	4.53348423359425e-05	1.94292181439754e-05	3.0762928727961e-05	1.21432613399846e-05	NA	1.29528120959836e-05	NA	NA	1.94292181439754e-05	3.48106825079559e-05	1.86196673879764e-05	8.90505831598871e-06	NA	NA	NA	9.71460907198768e-06	NA	NA	8.09550755998973e-06	2.02387688999743e-05	NA	NA	NA	6.63831619919158e-05	NA	NA	NA	NA	1.13337105839856e-05	1.53814643639805e-05	2.50960734359682e-05	NA	1.05241598279867e-05	NA	NA	0.000103622496767869	2.9953377971962e-05	3.96679870439497e-05	NA	NA	NA	NA	NA	NA	NA	7.77168725759015e-05	NA	1.05241598279867e-05	NA	NA	5.66685529199281e-05	1.70005658759784e-05	NA	8.09550755998973e-06	NA	NA	0.000110908453571859	NA	NA	NA	0.000263913546455665	NA	NA	1.45719136079815e-05	2.83342764599641e-05	NA	NA	3.56202332639548e-05	5.58590021639292e-05	2.75247257039651e-05	1.37623628519825e-05	3.40011317519569e-05	NA	9.71460907198768e-06	1.94292181439754e-05	NA	NA	2.42865226799692e-05	NA	1.70005658759784e-05	NA	NA	NA	NA	8.41932786238932e-05	NA	0.00124751771499442	1.05241598279867e-05	9.71460907198768e-06	3.40011317519569e-05	1.45719136079815e-05	8.90505831598871e-06	8.90505831598871e-06	NA	NA	NA	NA	1.94292181439754e-05	NA	9.71460907198768e-06	NA	NA	NA	NA	NA	NA	NA	NA	NA	NA	NA	NA	9.71460907198768e-06	7.52882203079045e-05	1.05241598279867e-05	5.74781036759271e-05	0.000108479801303862	8.41932786238932e-05	1.70005658759784e-05	2.26674211679713e-05	1.21432613399846e-05	7.28595680399076e-05	NA	1.05241598279867e-05	NA	NA	NA	NA	NA	1.21432613399846e-05	NA	NA	NA	NA	NA	NA	NA	NA	NA	NA	NA	NA	NA	2.02387688999743e-05	4.12870885559476e-05	3.96679870439497e-05	2.34769719239702e-05	3.96679870439497e-05	2.9143827215963e-05	5.34303498959323e-05	1.37623628519825e-05	1.37623628519825e-05	1.78101166319774e-05	1.94292181439754e-05	NA	NA	NA	NA	NA	NA	NA	NA	NA	NA	NA	NA	NA	NA	NA	NA	NA	NA	NA	NA	NA	NA	NA	3.31915809959579e-05	1.70005658759784e-05	4.20966393119466e-05	NA	0.000374822000027525	9.71460907198768e-06	2.9953377971962e-05	8.90505831598871e-06	NA	NA	NA	9.71460907198768e-06	NA	1.13337105839856e-05	2.10483196559733e-05	1.45719136079815e-05	NA	1.61910151199795e-05	1.13337105839856e-05	NA	NA	NA	NA	NA	NA	NA	NA	NA	NA	NA	NA	NA	NA	NA	NA	NA	3.64297840199538e-05	3.72393347759528e-05	2.75247257039651e-05	2.18578704119723e-05	2.9953377971962e-05	1.37623628519825e-05	1.70005658759784e-05	NA	NA	NA	1.29528120959836e-05	NA	NA	NA	NA	NA	NA	NA	NA	NA	NA	0.00010281294601187	8.90505831598871e-05	NA	6.71927127479148e-05	1.61910151199795e-05	9.71460907198768e-06	2.83342764599641e-05	NA	NA	1.05241598279867e-05	NA	0.000318962997863596	1.61910151199795e-05	7.85264233319004e-05	1.21432613399846e-05	NA	NA	NA	1.53814643639805e-05	NA	NA	8.90505831598871e-06	NA	NA	3.48106825079559e-05	0.000301962431987617	0.00013438542549583	5.74781036759271e-05	0.000194292181439754	0.000327868056179584	0.000214530950339728	5.18112483839343e-05	7.28595680399076e-05	2.34769719239702e-05	2.18578704119723e-05	NA	0.000212102298071731	NA	1.21432613399846e-05	1.37623628519825e-05	NA	NA	NA	NA	NA	0.000401537174975491	5.42399006519312e-05	9.71460907198768e-06	2.50960734359682e-05	NA	0.000225055110167715	NA	NA	0.000428252349923457	NA	NA	NA	NA	NA	3.80488855319518e-05	NA	NA	NA	NA	6.71927127479148e-05	2.9143827215963e-05	NA	NA	NA	1.37623628519825e-05	NA	NA	NA	NA	0.000110908453571859	1.29528120959836e-05	0.000221816907143719	7.36691187959066e-05	NA	8.09550755998973e-06	0.000101193844499872	NA	0.000117384859619851	0.000104432047523868	8.01455248438984e-05	NA	NA	NA	NA	0.000310867490303606	4.12870885559476e-05	NA	NA	2.75247257039651e-05	NA	NA	NA	1.61910151199795e-05	5.82876544319261e-05	NA	NA	NA	8.90505831598871e-06	1.29528120959836e-05	NA	NA	NA	3.157247948396e-05	NA	NA	NA	NA	NA	NA	NA	NA	0.000257437140407674	4.77634946039394e-05	0.00109127441908662	0.00155271835000603	NA	5.90972051879251e-05	6.71927127479148e-05	NA	1.13337105839856e-05	9.71460907198768e-06	NA	NA	NA	NA	0.000360250086419543	0.000159481498931798	7.12404665279097e-05	0.000151385991371808	5.82876544319261e-05	5.34303498959323e-05	5.34303498959323e-05	0.000124670816423842	4.61443930919415e-05	1.61910151199795e-05	NA	NA	1.13337105839856e-05	NA	NA	3.31915809959579e-05	NA	NA	NA	NA	NA	1.21432613399846e-05	NA	1.13337105839856e-05	NA	NA	NA	NA	NA	NA	NA	NA	NA	NA	NA	1.21432613399846e-05	NA	NA	NA	NA	NA	NA	NA	NA	NA	NA	NA	NA	NA	NA	NA	NA	NA	NA	NA	NA	NA	NA	9.71460907198768e-06	9.71460907198768e-06	8.09550755998973e-06	NA	NA	NA	NA	NA	NA	NA	NA	NA	NA	1.21432613399846e-05	NA	NA	NA	8.90505831598871e-06	NA	NA	NA	NA	1.05241598279867e-05	NA	NA	NA	NA	NA	NA	9.71460907198768e-06	NA	NA	NA	NA	NA	NA	NA	NA	NA	NA	NA	NA	NA	NA	NA	NA	NA	NA	NA	NA	NA	NA	NA	NA	NA	NA	NA	NA	NA	NA	NA	NA	NA	NA	NA	NA	NA	NA	NA	NA	NA	NA	NA	NA	NA	NA	NA	NA	NA	NA	NA	NA	NA	NA	NA	NA	NA	NA	NA	NA	NA	NA	NA	NA	NA	NA	NA	NA	NA	NA	NA	NA	NA	NA	NA	NA	NA	NA	NA	NA	NA	NA	NA	NA	NA	NA	NA	NA	NA	NA	NA	NA	NA	NA	NA	NA	NA	NA	NA	NA	NA	NA	NA	NA	NA	NA	NA	NA	NA	1.05241598279867e-05	NA	NA	NA	1.05241598279867e-05	NA	NA	NA	NA	NA	NA	NA	NA	NA	NA	NA	NA	NA	NA	NA	NA	NA	NA	NA	NA	NA	NA	NA	NA	NA	NA	NA	NA	NA	NA	NA	NA	NA	NA	NA	NA	NA	NA	NA	NA	NA	NA	NA	NA	3.157247948396e-05	NA	NA	NA	NA	NA	NA	NA	NA	NA	NA	NA	NA	NA	NA	NA	NA	NA	NA	NA	NA	NA	NA	NA	NA	NA	NA	NA	NA	NA	NA	NA	NA	NA	NA	9.71460907198768e-06	NA	NA	NA	NA	NA	NA	NA	NA	NA	NA	NA	NA	NA	NA	NA	NA	NA	NA	NA	NA	NA	NA	NA	NA	NA	NA	NA	NA	NA	NA	NA	NA	NA	NA	NA	NA	NA	NA	NA	NA	2.9953377971962e-05	NA	NA	NA	NA	NA	NA	NA	NA	NA	NA	NA	NA	NA	NA	NA	9.71460907198768e-06	NA	NA	NA	NA	NA	NA	NA	NA	NA	NA	NA	NA	NA	NA	NA	NA	NA	NA	NA	NA	NA	NA	NA	NA	NA	NA	NA	NA	NA	NA	NA	NA	NA	NA	NA	NA	NA	1.13337105839856e-05	NA	NA	NA	NA	NA	NA	NA	NA	NA	NA	NA	NA	NA	NA	NA	NA	NA	NA	NA	NA	NA	NA	NA	NA	NA	NA	NA	NA	NA	NA	NA	NA	NA	NA	NA	NA	NA	NA	NA	NA	NA	NA	NA	NA	NA	NA	NA	NA	NA	NA	NA	NA	NA	NA	NA	NA	NA	NA	NA	NA	NA	1.05241598279867e-05	NA	NA	NA	NA	NA	NA	NA	NA	NA	NA	NA	NA	NA	NA	NA	NA	NA	NA	NA	NA	NA	NA	NA	NA	NA	NA	NA	NA	NA	NA	NA	NA	NA	1.21432613399846e-05	NA	NA	NA	NA	NA	NA	NA	NA	NA	NA	NA	NA	NA	NA	8.09550755998973e-06	NA	NA	NA	NA	NA	1.21432613399846e-05	NA	NA	NA	NA	NA	NA	NA	NA	NA	NA	NA	NA	NA	NA	NA	NA	NA	NA	NA	NA	NA	NA	NA	NA	NA	NA	NA	NA	8.09550755998973e-06	NA	NA	NA	NA	NA	1.78101166319774e-05	1.86196673879764e-05	NA	1.05241598279867e-05	NA	NA	NA	NA	NA	NA	NA	2.9953377971962e-05	NA	NA	NA	NA	NA	NA	NA	NA	NA	NA	NA	NA	NA	NA	NA	1.78101166319774e-05	8.90505831598871e-06	NA	NA	NA	NA	NA	NA	NA	NA	NA	NA	NA	NA	NA	NA	NA	NA	NA	NA	NA	NA	2.9953377971962e-05	NA	NA	NA	NA	NA	NA	NA	NA	NA	NA	NA	NA	NA	NA	NA	NA	NA	NA	NA	NA	NA	NA	NA	NA	NA	NA	NA	NA	NA	NA	NA	NA	NA	NA	NA	NA	NA	NA	NA	NA	NA	NA	NA	NA	NA	NA	NA	NA	NA	NA	NA	NA	NA	NA	NA	NA	NA	NA	NA	NA	NA	NA	NA	NA	NA	NA	NA	NA	NA	NA	NA	NA	NA	NA	NA	NA	NA	NA	NA	NA	NA	NA	NA	NA	NA	NA	NA	NA	NA	NA	NA	NA	NA	NA	NA	NA	NA	NA	NA	NA	NA	NA	NA	NA	NA	NA	NA	NA	NA	NA	NA	NA	NA	NA	NA	NA	NA	NA	NA	NA	NA	NA	NA	NA	NA	NA	NA	NA	NA	NA	NA	NA	NA	NA	NA	NA	NA	NA	NA	NA	NA	NA	NA	NA	NA	NA	NA	NA	NA	NA	NA	NA	NA	NA	NA	NA	NA	NA	NA	NA	NA	NA	NA	NA	NA	NA	NA	NA	NA	NA	NA	NA	NA	NA	NA	NA	NA	NA	NA	NA	NA	NA	NA	NA	NA	NA	NA	NA	NA	NA	NA	NA	NA	NA	NA	NA	NA	NA	NA	NA	NA	NA	NA	NA	NA	NA	NA	NA	NA	NA	NA	NA	NA	NA	NA	NA	NA	NA	NA	NA	NA	NA	NA	NA	NA	NA	NA	NA	NA	NA	NA	NA	NA	NA	NA	NA	NA	NA	NA	NA	NA	NA	NA	NA	NA	NA	NA	NA	NA	NA	NA	NA	NA	NA	NA	NA	NA	NA	NA	NA	NA	NA	NA	NA	NA	NA	NA	NA	NA	NA	NA	NA	NA	NA	NA	NA	NA	NA	NA	NA	NA	NA	NA	NA	NA	NA	NA	NA	NA	NA	NA	NA	NA	NA	NA	NA	NA	NA	NA	NA	NA	NA	NA	NA	NA	NA	NA	NA	NA	NA	NA	NA	NA	NA	NA	NA	NA	NA	NA	NA	NA	NA	NA	NA	NA	NA	NA	NA	NA	NA	NA	NA	NA	NA	NA	NA	NA	NA	NA	NA	NA	NA	NA	NA	NA	NA	NA	NA	NA	NA	NA	NA	NA	NA	NA	NA	NA	NA	NA	NA	NA	NA	NA	NA	NA	NA	NA	NA	NA	NA	NA	NA	NA	NA	NA	NA	NA	NA	NA	NA	NA	NA	NA	NA	NA	NA	NA	NA	NA	NA	NA	NA	NA	NA	NA	NA	NA	NA	NA	NA	NA	NA	NA	NA	NA	NA	NA	NA	NA	NA	NA	NA	NA	NA	NA	NA	NA	NA	NA	NA	NA	NA	NA	NA	NA	NA	NA	NA	NA	NA	NA	NA	NA	NA	NA	NA	NA	NA	NA	NA	NA	NA	NA	NA	NA	NA	NA	NA	NA	NA	NA	NA	NA	NA	NA	NA	NA	NA	NA	NA	NA	NA	NA	NA	NA	NA	NA	NA	NA	NA	NA	NA	NA	NA	NA	NA	NA	NA	NA	NA	NA	NA	NA	NA	NA	NA	NA	NA	NA	NA	NA	NA	NA	NA	NA	NA	NA	NA	NA	NA	NA	NA	NA	NA	NA	NA	NA	NA	NA	NA	NA	NA	NA	NA	NA	NA	NA	NA	NA	NA	NA	NA	NA	NA	NA	NA	NA	NA	NA	NA	NA	NA	NA	NA	NA	NA	NA	NA	NA	NA	NA	NA	NA	NA	NA	NA	NA	NA	NA	NA	NA	NA	NA	NA	NA	NA	NA	NA	NA	NA	NA	NA	NA	NA	NA	NA	NA	NA	NA	NA	NA	NA	NA	NA	NA	NA	NA	NA	NA	NA	NA	NA	NA	NA	NA	NA	NA	NA	NA	NA	NA	NA	NA	NA	NA	NA	NA	NA	NA	NA	NA	NA	NA	NA	NA
SLC_SMT_NEG_193J	0.000202944685500005	0.00733064785471	0.23618474175453	NA	1.02663236290978e-06	3.68355691812028e-05	4.35292121873745e-06	0.0155176713612648	0.149903683404977	0.0226548606135081	0.169802734234079	2.51730255385477e-05	0.00348677202679773	2.41053278811216e-05	0.017066325748067	2.51730255385477e-05	NA	0.0444294045084683	0.0058266725083417	8.85367749773391e-05	3.24415826679489e-06	6.15979417745866e-07	1.35515471904091e-06	1.06769765742617e-06	5.90518935145704e-05	0.0065504893894876	0.00672029438231288	0.000424368753532385	0.000281256202142762	4.43915833722187e-05	3.21951909008506e-05	7.48620319033809e-05	3.47001738663505e-05	2.09843654978758e-05	0.00936005364441553	0.0024492162955466	0.00211313792522445	0.0020759327683926	0.00043114452712759	0.000126932825350165	1.28945024781468e-05	1.59743995668761e-05	1.74938154639826e-05	5.0715638727743e-05	7.96666713617987e-06	4.39398651325384e-06	4.47611710228663e-06	0.00130008615909442	0.000216167710334283	1.71652931078515e-05	0.00227197848441385	0.000170256711064957	3.85192462563748e-05	0.00106244129972807	2.13539531485234e-06	2.62817884904903e-06	9.73247480038468e-06	3.94226827357354e-06	0.000371230262428175	3.94637480302518e-05	4.88677004745054e-06	4.18866004067189e-06	0.000108576638701338	1.41675266081549e-05	1.89721660665727e-05	2.71030943808181e-06	3.44948473937685e-06	2.99776649969655e-06	2.25859119840151e-06	1.76580766420482e-06	6.98110006778648e-07	9.85567068393386e-07	7.39175301295039e-07	1.76580766420482e-06	1.31408942452451e-06	2.36125443469249e-05	6.15979417745866e-07	NA	NA	9.03436479360604e-07	NA	0.0288982637306021	0.00974651913110929	9.42859162096339e-05	5.166014050162e-05	5.89697629255376e-05	3.08400361818097e-05	7.02216536230287e-05	8.35678743408558e-05	2.71441596753345e-05	1.44549836697697e-05	1.42496571971877e-05	5.19886628577511e-05	1.69599666352695e-05	2.43927849427363e-05	1.42085919026713e-05	4.72250886938497e-06	6.73470830068814e-06	4.06546415712272e-06	2.83350532163098e-06	2.79244002711459e-06	2.09433002033594e-06	4.39398651325384e-06	1.19089354097534e-06	1.88900354775399e-06	1.35515471904091e-06	0.0323968214969261	0.00582576907186234	0.00159768634845471	0.00755675336631725	0.00285986924071051	0.000158306710360688	0.00044798129787931	0.000453278720871925	0.000357226996998086	0.000156540902696483	0.000316284898365244	9.6503442113519e-05	0.00019218557833671	3.19487991337523e-05	4.79642639951448e-05	3.65481121195881e-05	3.02651220585802e-05	2.61175273124247e-05	1.06359112797453e-05	1.97524066623841e-05	1.39211348410566e-05	1.94649496007694e-05	2.03273207856136e-05	1.10054989303928e-05	5.91340241036031e-06	1.2812371889114e-05	4.5993129858358e-06	5.25635769809806e-06	2.50498296549985e-06	5.70807593777836e-06	1.27302413000812e-06	3.07989708872933e-06	1.56048119162286e-06	0.0114700295419622	0.0251302355016616	0.00109874302008056	0.00171431178488126	0.00177935921139522	0.00100223957796704	0.00156368428459514	0.000287908779854418	0.00075601207204676	0.00043455294657245	0.00021608557974525	2.46391767098346e-05	9.88852291954697e-05	6.43082512126684e-05	5.14958793235544e-05	5.26457075700134e-05	2.79654655656623e-05	5.81895223297261e-05	2.36125443469249e-05	2.78422696821131e-05	2.68567026137198e-05	1.51941589710647e-05	2.43517196482199e-05	2.89099673395393e-05	1.03895195126469e-05	1.14982824645895e-05	1.22374577658845e-05	2.36125443469249e-05	8.95223420457325e-06	2.036838608013e-05	1.07591071632945e-05	1.10054989303928e-05	9.69140950586829e-06	1.19910659987862e-05	1.58922689778433e-05	8.33625478682739e-06	6.69364300617174e-06	1.31408942452451e-05	5.87233711584392e-06	8.00773243069626e-06	1.23195883549173e-05	3.86013768454076e-06	7.92560184166348e-06	4.64037828035219e-06	6.36512065004062e-06	9.81460538941747e-06	3.53161532840963e-06	7.55601419101596e-06	5.79020652681114e-06	4.22972533518828e-06	8.91116891005686e-06	6.8989694787537e-06	6.03659829390949e-06	3.24415826679489e-06	2.17646060936873e-06	9.03436479360604e-07	2.66924414356542e-06	0.00986749748875458	0.00626159504256479	0.00162072397867841	0.00619010036481176	0.00320826719938757	0.00130842241388125	0.00322641805956381	0.000450773737906425	9.21094556002652e-05	7.5395880732094e-05	6.88254336094714e-05	0.000107385745160363	8.90706238060522e-05	5.37544705219559e-05	8.75922732034621e-05	4.2420449235432e-05	0.000113299147570723	8.98097991073473e-05	3.82728544892765e-05	4.11474251054238e-05	3.19487991337523e-05	6.19264641307177e-05	2.93206202847032e-05	2.49266337714494e-05	4.3159624536727e-05	2.54604826001625e-05	1.78634031146301e-05	3.58910674073258e-05	3.51929574005471e-05	1.35926124849254e-05	1.99577331349661e-05	1.26891760055648e-05	2.08201043198103e-05	1.60565301559089e-05	2.38178708195068e-05	2.12718225594906e-05	1.53173548546139e-05	1.22374577658845e-05	2.036838608013e-05	2.57479396617772e-05	6.98110006778648e-06	1.26481107110484e-05	1.08412377523272e-05	9.81460538941747e-06	6.52938182810618e-06	8.78797302650769e-06	4.84570475293415e-06	1.08412377523272e-05	8.87010361554047e-06	5.9544677048767e-06	1.34283513068599e-05	6.28299006100783e-06	3.16202767776211e-06	9.36288714973716e-06	3.12096238324572e-06	2.83350532163098e-06	3.65481121195881e-06	5.42061887616362e-06	3.73694180099159e-06	5.46168417068001e-06	6.69364300617174e-06	1.14982824645895e-06	5.70807593777836e-06	2.42285237646707e-06	3.90120297905715e-06	8.41838537586017e-06	2.17646060936873e-06	3.86013768454076e-06	1.27302413000812e-06	0.0320691615119798	0.00141063393193255	0.00484853825825578	0.000802539050733831	0.000350410158108365	0.000360840742915528	0.000140237980773475	5.10852263783905e-05	7.88043001769545e-05	6.9195021260119e-05	4.09831639273583e-05	1.37979389575074e-05	1.27713065945976e-05	1.10876295194256e-05	8.13092831424543e-06	6.07766358842588e-06	0.00528136646245854	0.00461339838185492	0.000540747798191838	0.00171094443073092	0.000678480795999813	0.000351518921060308	0.000213785923252332	4.64448480980383e-05	3.2975431496662e-05	3.59731979963586e-05	1.33462207178271e-05	1.68367707517203e-05	1.092336834136e-05	1.24017189439501e-05	2.95670120518016e-06	2.99776649969655e-06	3.16202767776211e-06	1.43728530807369e-06	3.6958765064752e-06	0.00111221243668194	6.68953647672011e-05	0.000395828373843494	3.72872874208831e-05	2.43106543537035e-05	4.43505180777024e-06	4.80463945841776e-06	3.40841944486046e-06	1.88900354775399e-06	2.79244002711459e-06	0.000125495540042091	7.26034407049794e-05	2.12307572649742e-05	5.96268076377998e-05	8.3691070224405e-05	6.65257771165535e-06	3.40841944486046e-06	2.46391767098346e-06	7.6545708978553e-05	4.17634045231697e-05	2.22163243333676e-05	4.72250886938497e-06	0.000172227845201744	3.7492613893465e-05	7.43281830746678e-06	5.66701064326197e-06	1.93006884227038e-06	2.58711355453264e-06	3.12096238324572e-06	0.000201055681952251	0.00011231358050233	0.000112559972269428	6.8784368314955e-05	2.09022349088431e-05	1.5851203683327e-05	9.40395244425356e-06	4.05725109821944e-05	1.68367707517203e-06	7.18642654036844e-06	5.87233711584392e-06	5.0510312255161e-06	4.22972533518828e-06	3.83960503728257e-05	3.2030929722785e-06	1.38800695465402e-05	1.93417537172202e-05	5.66701064326197e-06	1.14982824645895e-05	3.40841944486046e-06	1.31408942452451e-06	2.2996564929179e-06	9.85567068393386e-07	3.03883179421294e-06	4.84570475293415e-05	4.48843669064154e-05	2.17646060936873e-05	4.18866004067189e-06	1.64261178065564e-06	4.5993129858358e-06	0.000213785923252332	3.40841944486046e-06	2.73084208534001e-05	3.57268062292602e-06	2.34072178743429e-06	3.61374591744241e-06	7.07965677462582e-05	8.18841972656838e-05	0.000156089184456802	3.40841944486046e-06	1.65082483955892e-05	5.9544677048767e-06	NA	1.13750865810403e-05	6.07766358842588e-06	1.03073889236142e-05	6.10230276513571e-05	1.42907224917041e-05	1.23195883549173e-05	8.09807607863232e-05	3.78211362495962e-05	7.43281830746678e-06	1.64261178065564e-06	2.2052063155302e-05	2.52962214220969e-05	1.97113413678677e-06	3.49055003389324e-05	3.65481121195881e-06	4.06546415712272e-06	5.09209652003249e-06	3.12096238324572e-06	3.18256032502031e-05	2.38178708195068e-06	NA	9.89673597845025e-06	6.15979417745866e-07	2.50498296549985e-06	NA	9.56821362231912e-06	NA	NA	0.000870789570220073	0.00220857366968054	0.000322567888426252	9.08774967647734e-05	1.88900354775399e-05	3.57678715237766e-05	6.48831653358979e-06	9.81460538941747e-06	4.88677004745054e-06	3.65481121195881e-06	7.39175301295039e-07	0.0005687132637575	9.98707962638631e-05	1.15804130536223e-05	3.24415826679489e-06	3.57268062292602e-06	0.000498696936607053	2.98955344079327e-05	1.23195883549173e-05	2.09433002033594e-06	4.64859133925547e-05	NA	6.7839866541078e-05	2.28733690456298e-05	7.84347125263069e-06	1.10876295194256e-06	7.43281830746678e-06	3.40841944486046e-06	8.66477714295852e-06	6.15979417745866e-07	2.50908949495149e-05	NA	1.3962200135573e-06	5.33848828713084e-07	0.000380141431338232	5.66701064326197e-05	1.91364272446382e-05	9.85567068393386e-07	1.64261178065564e-06	9.03436479360604e-07	1.88900354775399e-06	0.000414718409321033	6.11872888294227e-06	4.84570475293415e-06	0.000102334713934847	7.26855712940122e-06	3.64249162360389e-05	3.73694180099159e-06	0.000206599496711963	0.000818267058533608	0.000837485616367279	3.0141926175031e-05	0.000125700866514673	0.0053521630302048	5.23171852138822e-05	2.35304137578921e-05	3.48233697498996e-05	1.95060148952858e-05	0.00153847019376208	0.002208450473797	6.9195021260119e-05	2.13539531485234e-05	7.72027536908152e-06	9.6503442113519e-06	8.33625478682739e-06	9.36288714973716e-06	3.40841944486046e-06	0.000203930252568398	0.00205798723468894	0.000609573231801309	0.00038995603672765	0.000322157235481088	5.59309311313246e-05	4.87034392964398e-05	0.000102827497469043	6.64025812330044e-05	1.14161518755567e-05	1.11697601084584e-05	6.07355705897424e-05	5.00996593099971e-06	6.4472512390734e-06	7.76134066359791e-06	0.000525142986275609	1.97934719569005e-05	0.00010980859753683	1.35926124849254e-05	4.10242292218747e-05	2.73905514424328e-05	3.73694180099159e-06	1.95060148952858e-05	0.000106605504564551	3.03061873530966e-05	2.2996564929179e-06	4.18866004067189e-06	1.60154648613925e-06	2.25859119840151e-06	6.57044712262257e-07	0.000139334544294115	0.00015395378914195	0.00159386727606469	1.638505251204e-05	6.32405535552422e-06	1.36336777794418e-05	3.94226827357354e-06	0.000983636999551115	0.000575489037352704	0.000146397774950934	3.66713080031372e-05	1.35515471904091e-06	1.29766330671796e-05	2.13539531485234e-06	6.0489178822644e-05	0.000201835922548062	6.85379765478567e-05	2.61585926069411e-05	4.87855698854726e-05	4.87034392964398e-05	2.49676990659658e-05	1.85204478268924e-05	2.11486266759414e-05	6.36512065004062e-06	1.59743995668761e-05	2.40642625866052e-05	7.59707948553235e-06	1.26070454165321e-05	0.00038745105376215	5.00996593099971e-06	4.76357416390136e-06	1.12929559920075e-05	3.49055003389324e-06	8.21305890327821e-07	6.98110006778648e-07	3.12096238324572e-06	1.8479382532376e-06	9.85567068393386e-07	0.000355871842279045	7.72027536908152e-06	9.89673597845025e-06	1.63439872175236e-05	6.4267185918152e-05	1.3962200135573e-06	0.000313451393043613	0.00012561873592564	2.82939879217934e-05	7.39175301295039e-07	0.000292261701073155	8.99329949908964e-06	3.98333356808993e-06	0.000172597432852392	1.95060148952858e-05	2.05326472581955e-06	7.30962242391761e-06	9.34646103193061e-05	0.00021255396441684	0.000209720459095209	3.03061873530966e-05	0.000115188151118477	2.42285237646707e-06	4.51718239680302e-07	1.88900354775399e-06	3.40841944486046e-06	4.96890063648332e-06	5.92161546926359e-05	9.44501773876995e-07	2.99776649969655e-06	1.14982824645895e-06	3.65481121195881e-06	3.07989708872933e-06	1.35515471904091e-06	5.74914123229475e-07	1.31408942452451e-06	3.03883179421294e-06	0.000227214274559192	0.000200768224890636	5.5027494651964e-06	0.000221259806854315	2.44749155317691e-05	9.46965691547978e-05	3.8847768612506e-05	2.06969084362611e-05	7.76134066359791e-06	7.30962242391761e-06	3.81907239002437e-06	1.11697601084584e-05	2.42285237646707e-06	8.62371184844212e-06	7.39175301295039e-06	8.78797302650769e-06	5.87233711584392e-06	3.57268062292602e-06	1.88900354775399e-06	1.51941589710647e-06	1.31408942452451e-06	1.23195883549173e-06	3.07989708872933e-06	3.12096238324572e-06	2.01219943130316e-06	1.08001724578109e-05	8.66477714295852e-05	1.80687295872121e-06	2.05326472581955e-06	0.000329015139665325	4.24615145299484e-05	2.78833349766295e-05	1.03895195126469e-05	3.32628885582768e-06	5.12905528509724e-05	5.33848828713084e-06	3.36735415034407e-06	NA	2.50498296549985e-06	7.8024059581143e-07	8.58675308337737e-05	8.33625478682739e-06	8.295189492311e-06	7.350687718434e-06	5.9955329993931e-06	4.5993129858358e-06	4.68144357486858e-06	2.17646060936873e-06	1.35515471904091e-06	1.43728530807369e-06	2.54604826001625e-06	1.3962200135573e-06	0.00041032442280778	0.000118185917618173	3.2030929722785e-06	5.0510312255161e-06	8.04879772521265e-06	0.000125043821802411	3.63838509415225e-05	9.63391809354534e-05	2.36946749359576e-05	2.64049843740395e-05	1.52762895600975e-05	1.33462207178271e-05	2.9402750873736e-05	7.22749183488483e-06	1.72474236968842e-06	3.68355691812028e-05	6.00785258774801e-05	6.36512065004062e-06	1.85615131214088e-05	1.74527501694662e-05	2.53783520111297e-05	1.02663236290978e-06	8.77975996760441e-05	1.10876295194256e-05	8.45945067037656e-06	1.51941589710647e-06	5.67933023161688e-05	1.8479382532376e-06	6.98110006778648e-07	9.52714832780273e-06	4.67733704541694e-05	7.22749183488483e-06	9.97886656748303e-06	1.88900354775399e-06	9.03436479360604e-07	5.46168417068001e-05	2.87457061614737e-05	2.63639190795231e-05	1.76170113475318e-05	1.37158083684746e-05	1.94649496007694e-05	9.28075656070438e-06	0.000175513068763055	2.19699325662692e-05	6.52938182810618e-06	1.07591071632945e-05	1.2073196587819e-05	3.07989708872933e-06	9.03436479360604e-07	1.43728530807369e-06	2.17646060936873e-06	2.05326472581955e-06	6.77577359520453e-06	1.23195883549173e-06	2.13539531485234e-06	1.19089354097534e-06	0.000203273207856136	6.22549864868489e-05	3.77800709550798e-06	4.47611710228663e-06	5.54381475971279e-06	2.62817884904903e-06	1.35515471904091e-06	0.000759584752669686	1.19089354097534e-06	1.0184193040065e-05	4.06546415712272e-06	0.00019822217663062	1.97113413678677e-06	2.38178708195068e-06	3.69176997702356e-05	1.65082483955892e-05	2.25859119840151e-06	2.50498296549985e-06	2.2996564929179e-06	1.97113413678677e-05	7.66278395675857e-05	2.86225102779246e-05	8.48819637653803e-05	2.5624743778228e-05	7.72438189853316e-05	2.21752590388512e-06	1.19089354097534e-06	6.73470830068813e-05	2.26680425730479e-05	3.49055003389324e-06	7.52726848485448e-05	7.67921007456513e-06	3.77800709550798e-06	5.58488005422919e-06	1.8479382532376e-05	8.45945067037656e-06	7.39175301295039e-07	0.00730855472626018	4.22972533518828e-06	8.62371184844212e-06	2.0163059607548e-05	8.43891802311837e-05	1.3962200135573e-06	7.10429595133565e-06	1.72474236968842e-06	2.05326472581955e-06	7.39175301295039e-06	5.74914123229475e-07	6.4472512390734e-06	2.13539531485234e-06	3.08811014763261e-05	3.03883179421294e-06	9.44501773876995e-07	1.47835060259008e-06	8.62371184844212e-07	NA	8.21305890327821e-07	2.58711355453264e-06	5.74914123229475e-07	5.83127182132753e-06	2.01219943130316e-06	1.23195883549173e-05	9.85567068393386e-07	1.58922689778433e-05	0.00013268196658246	8.50051596489295e-06	0.000712729251626483	0.000184424237673112	0.000681355366615961	5.9010828220054e-05	4.67733704541694e-05	0.000128739698308886	0.000102047256873232	1.28945024781468e-05	2.49676990659658e-05	1.71652931078515e-05	1.72474236968842e-05	1.46192448478352e-05	9.11649538263882e-06	6.85790418423731e-06	1.64671831010728e-05	1.0184193040065e-05	8.41838537586017e-06	1.96702760733513e-05	1.20321312933026e-05	5.9544677048767e-06	2.87457061614737e-06	6.07766358842588e-06	8.2541241977946e-06	3.28522356131129e-06	5.9955329993931e-06	1.72474236968842e-06	4.22972533518828e-06	3.61374591744241e-06	0.000151572002059999	0.000165041418661376	0.000235509464051503	3.93405521467026e-05	7.76134066359791e-05	5.67111717271361e-05	0.000297312732298671	7.67099701566185e-05	4.64859133925547e-05	5.18654669742019e-05	3.67123732976536e-05	0.000102047256873232	2.75548126204984e-05	7.43281830746678e-06	2.11486266759414e-05	2.53783520111297e-05	7.02216536230287e-06	0.000224873552771757	3.53161532840963e-05	2.63228537850067e-05	1.12518906974912e-05	8.00773243069626e-06	9.40395244425356e-06	7.84347125263069e-06	8.7469077319913e-06	1.01020624510322e-05	6.73470830068814e-06	1.04305848071633e-05	4.68144357486858e-06	5.74914123229475e-06	5.9955329993931e-06	5.29742299261445e-06	5.46168417068001e-06	2.25859119840151e-06	0.00016545207160654	4.18044698176861e-05	0.000103936260420986	0.000228281972216618	2.80475961546951e-05	0.000143523204334787	8.28286990395608e-05	2.22163243333676e-05	2.184673668272e-05	5.93804158707015e-05	3.26058438460145e-05	2.21752590388512e-05	2.96902079353507e-05	2.43927849427363e-05	3.79443321331453e-05	1.48656366149336e-05	2.43106543537035e-05	2.46391767098346e-05	1.99577331349661e-05	1.092336834136e-05	1.13340212865239e-05	1.06769765742617e-05	9.69140950586829e-06	4.92783534196693e-06	5.29742299261445e-06	1.10465642249092e-05	7.51494889649957e-06	3.16202767776211e-06	5.37955358164723e-06	7.10429595133565e-06	2.25859119840151e-06	3.65481121195881e-06	2.87457061614737e-06	4.51718239680302e-06	3.24415826679489e-06	4.39398651325384e-06	3.90941603796043e-05	0.000114038322872018	0.000390366689672813	8.64424449570032e-05	7.67099701566185e-05	6.28299006100783e-06	7.66278395675857e-05	5.75324776174639e-05	4.09420986328419e-05	1.61797260394581e-05	1.81097948817285e-05	7.96666713617987e-06	5.54381475971279e-06	1.05127153961961e-05	5.17422710906527e-06	4.92783534196693e-06	3.12096238324572e-06	1.33462207178271e-05	3.40841944486046e-06	5.5027494651964e-06	4.80463945841776e-06	0.000305197268845818	0.000241258605283798	9.73247480038468e-06	1.24838495329829e-05	3.05936444147113e-05	3.64659815305553e-05	2.23395202169167e-05	1.35515471904091e-06	3.49055003389324e-06	1.04305848071633e-05	7.55601419101596e-06	0.000130464440678574	0.000210131112040373	3.53161532840963e-06	2.18056713882037e-05	7.8024059581143e-06	1.60154648613925e-06	7.350687718434e-06	2.52140908330641e-05	9.03436479360604e-07	1.16214783481387e-05	1.85615131214088e-05	5.62594534874558e-06	9.07543008812243e-06	0.000375295726585298	0.000518736800331052	4.77589375225628e-05	0.00061138010476003	0.000268690222020747	0.000339240397999907	0.000302938677647417	5.94214811652179e-05	5.13316181454888e-06	7.47388360198317e-06	2.87457061614737e-05	7.22749183488483e-06	0.000531056388685969	9.07543008812243e-06	1.10465642249092e-05	1.36747430739582e-05	3.98333356808993e-06	3.65481121195881e-06	1.31408942452451e-06	1.43728530807369e-06	4.51718239680302e-07	0.000546579070013165	1.61386607449417e-05	1.76580766420482e-06	1.27302413000812e-05	1.90132313610891e-05	0.00047290793165076	7.84347125263069e-06	4.02439886260633e-06	0.000155062552093893	1.60154648613925e-05	4.71018928103006e-05	3.30986273802112e-05	1.03484542181305e-05	1.71242278133351e-05	2.11486266759414e-05	2.09433002033594e-06	1.83561866488268e-05	5.33848828713084e-07	3.36735415034407e-06	0.00011071203401619	2.47213072988674e-05	1.38800695465402e-05	3.07989708872933e-06	1.60154648613925e-06	2.00398637239988e-05	1.29766330671796e-05	6.98110006778648e-07	5.54381475971279e-06	2.99776649969655e-06	0.000439029063674737	8.20895237382657e-05	7.95434754782495e-05	7.76134066359791e-06	1.43728530807369e-05	1.06769765742617e-06	9.58874626957731e-05	3.90120297905715e-06	0.000102786432174527	0.000205531799054537	1.72063584023679e-05	1.22785230604009e-05	1.43728530807369e-06	8.50051596489295e-06	NA	0.000150463239108057	4.27079062970467e-06	5.13316181454888e-06	2.05326472581955e-06	1.22785230604009e-05	4.10652945163911e-07	NA	6.98110006778648e-07	2.25859119840151e-06	2.32840219907937e-05	1.27302413000812e-06	NA	NA	7.72027536908152e-06	NA	2.42285237646707e-06	NA	1.31408942452451e-06	1.06769765742617e-06	5.33848828713084e-07	1.10876295194256e-06	NA	5.33848828713084e-07	7.39175301295039e-06	1.23195883549173e-06	6.15979417745866e-07	9.03436479360604e-07	2.54604826001625e-05	6.57044712262257e-06	0.00212241868178516	0.000742460524856351	NA	2.50498296549985e-06	4.96890063648332e-06	9.44501773876995e-07	7.10429595133565e-06	1.64261178065564e-05	1.63029219230073e-05	2.29554996346626e-05	9.36288714973716e-06	3.65481121195881e-06	0.000179414271742113	0.000240108777037339	4.767680693353e-05	7.2767701883045e-05	9.52304179835109e-05	0.000110383511660059	3.01008608805147e-05	2.62817884904903e-06	3.96280092083174e-05	9.15756067715521e-06	3.07989708872933e-06	4.27079062970467e-06	7.00163271504468e-05	1.3962200135573e-06	4.51718239680302e-06	2.78422696821131e-05	1.06769765742617e-06	6.57044712262257e-07	1.14982824645895e-06	NA	7.02216536230287e-06	1.60154648613925e-06	NA	1.35515471904091e-05	1.28534371836304e-05	5.83127182132753e-06	1.42496571971877e-05	5.33848828713084e-07	NA	2.09433002033594e-06	NA	1.35515471904091e-06	1.19089354097534e-06	9.85567068393386e-07	1.76580766420482e-06	6.40618594455701e-06	1.10876295194256e-06	NA	6.15979417745866e-07	2.58711355453264e-06	NA	NA	7.8024059581143e-07	6.57044712262257e-07	NA	8.62371184844212e-07	NA	1.60154648613925e-06	1.51941589710647e-06	1.64261178065564e-06	8.62371184844212e-07	1.60154648613925e-06	2.17646060936873e-06	6.98110006778648e-07	1.19089354097534e-06	9.85567068393386e-07	1.3962200135573e-06	2.58711355453264e-06	2.91563591066377e-06	8.21305890327821e-07	3.28522356131129e-06	2.50498296549985e-06	1.76580766420482e-06	1.31408942452451e-06	1.3962200135573e-06	1.02663236290978e-06	6.98110006778648e-07	1.43728530807369e-06	2.17646060936873e-06	1.43728530807369e-06	5.33848828713084e-07	2.21752590388512e-06	5.74914123229475e-07	2.09433002033594e-06	1.43728530807369e-06	1.47835060259008e-06	9.85567068393386e-07	1.93006884227038e-06	8.50051596489295e-06	2.14360837375561e-05	2.13539531485234e-06	1.27302413000812e-06	5.74914123229475e-07	8.62371184844212e-07	1.31408942452451e-06	3.28522356131129e-06	2.17646060936873e-06	3.2030929722785e-06	6.98110006778648e-07	9.44501773876995e-07	1.10876295194256e-06	3.36735415034407e-06	1.64261178065564e-06	4.10652945163911e-07	1.72474236968842e-06	4.92783534196693e-07	1.68367707517203e-06	1.56048119162286e-06	6.98110006778648e-07	7.39175301295039e-07	6.98110006778648e-07	NA	4.51718239680302e-07	NA	6.28299006100783e-06	3.07989708872933e-06	1.93006884227038e-06	2.66924414356542e-06	1.67135748681712e-05	1.97113413678677e-06	1.06769765742617e-06	9.44501773876995e-07	3.36735415034407e-06	3.16202767776211e-06	1.97113413678677e-06	1.10876295194256e-06	2.87457061614737e-06	6.15979417745866e-07	1.27302413000812e-06	2.38589361140232e-05	3.86013768454076e-06	1.56048119162286e-06	1.43728530807369e-06	3.73694180099159e-06	NA	1.80687295872121e-06	7.39175301295039e-07	8.21305890327821e-07	7.8024059581143e-07	5.74914123229475e-07	2.7513747325982e-06	2.79244002711459e-06	4.92783534196693e-07	2.99776649969655e-06	NA	2.09433002033594e-06	2.38178708195068e-06	NA	7.8024059581143e-07	NA	2.87457061614737e-06	3.07989708872933e-06	NA	1.10876295194256e-06	6.98110006778648e-07	NA	1.10876295194256e-06	1.68367707517203e-06	6.57044712262257e-07	7.8024059581143e-07	1.43728530807369e-06	2.34072178743429e-06	4.92783534196693e-07	1.56048119162286e-06	NA	2.2996564929179e-06	4.10652945163911e-07	5.74914123229475e-07	NA	NA	3.73694180099159e-06	9.44501773876995e-07	1.88900354775399e-06	2.62817884904903e-06	6.57044712262257e-07	5.74914123229475e-07	6.15979417745866e-07	6.15979417745866e-07	8.62371184844212e-07	7.39175301295039e-07	1.10876295194256e-06	5.74914123229475e-07	2.09433002033594e-06	5.33848828713084e-07	3.61374591744241e-06	1.68367707517203e-06	1.93006884227038e-06	8.17199360876182e-06	5.09209652003249e-06	1.27302413000812e-06	1.76580766420482e-06	6.57044712262257e-07	5.13316181454888e-06	1.14982824645895e-06	2.7513747325982e-06	5.33848828713084e-07	NA	1.60154648613925e-06	4.51718239680302e-07	2.41463931756379e-05	6.15979417745866e-07	1.14982824645895e-06	4.92783534196693e-07	1.10876295194256e-06	1.06769765742617e-06	1.19089354097534e-06	8.62371184844212e-07	0.000105784198674223	NA	NA	NA	1.64261178065564e-06	9.03436479360604e-07	5.33848828713084e-07	2.50498296549985e-06	6.15979417745866e-07	NA	6.98110006778648e-07	9.44501773876995e-07	8.62371184844212e-07	4.51718239680302e-07	2.09433002033594e-06	1.76580766420482e-06	2.25859119840151e-06	9.44501773876995e-07	8.62371184844212e-07	9.03436479360604e-07	7.39175301295039e-07	8.62371184844212e-07	1.31408942452451e-06	3.6958765064752e-06	1.8479382532376e-06	5.54381475971279e-06	1.10876295194256e-06	5.33848828713084e-07	1.68367707517203e-06	9.44501773876995e-07	1.88900354775399e-06	8.62371184844212e-07	4.92783534196693e-07	1.29355677726632e-05	3.12096238324572e-06	1.93006884227038e-06	2.17646060936873e-06	7.39175301295039e-07	1.02663236290978e-06	2.05326472581955e-06	1.51941589710647e-06	8.62371184844212e-07	4.92783534196693e-07	2.25859119840151e-06	5.74914123229475e-07	4.92783534196693e-07	1.60154648613925e-06	6.15979417745866e-07	1.10876295194256e-06	0.0003402259650683	5.74914123229475e-07	9.85567068393386e-07	1.51941589710647e-06	2.01219943130316e-06	8.62371184844212e-07	NA	6.15979417745866e-07	8.62371184844212e-07	9.44501773876995e-07	2.7513747325982e-06	1.93006884227038e-06	9.03436479360604e-07	6.98110006778648e-07	6.98110006778648e-07	9.03436479360604e-07	6.57044712262257e-07	6.15979417745866e-07	6.57044712262257e-07	2.01219943130316e-06	2.95670120518016e-06	4.39398651325384e-06	1.3962200135573e-06	6.98110006778648e-07	1.8479382532376e-06	7.8024059581143e-07	9.03436479360604e-07	1.76580766420482e-06	6.98110006778648e-07	NA	2.25037813949823e-05	4.92783534196693e-07	1.47835060259008e-06	2.79244002711459e-06	3.44948473937685e-06	1.60154648613925e-06	6.28299006100783e-06	1.35515471904091e-06	5.33848828713084e-07	8.62371184844212e-07	NA	5.33848828713084e-07	NA	NA	3.94226827357354e-06	7.39175301295039e-07	7.8024059581143e-07	NA	5.74914123229475e-07	NA	1.19089354097534e-06	1.83972519433432e-05	8.62371184844212e-07	1.23195883549173e-06	6.15979417745866e-07	NA	4.51718239680302e-07	1.3962200135573e-06	8.21305890327821e-07	1.47835060259008e-06	6.15979417745866e-07	1.31408942452451e-06	NA	8.62371184844212e-07	NA	7.43281830746678e-06	8.62371184844212e-07	1.23195883549173e-06	8.62371184844212e-07	1.43728530807369e-06	2.01219943130316e-06	1.60154648613925e-06	6.15979417745866e-07	NA	9.85567068393386e-07	4.10652945163911e-07	NA	4.92783534196693e-07	NA	5.74914123229475e-07	8.62371184844212e-07	8.62371184844212e-07	NA	NA	8.62371184844212e-07	7.8024059581143e-07	NA	6.57044712262257e-07	7.39175301295039e-07	1.14982824645895e-06	5.54381475971279e-06	4.51718239680302e-07	2.2996564929179e-06	4.92783534196693e-07	1.76580766420482e-06	1.97113413678677e-06	2.25859119840151e-06	1.88900354775399e-06	3.40841944486046e-06	6.32405535552422e-06	1.76580766420482e-06	2.66924414356542e-06	1.97113413678677e-06	1.19089354097534e-06	4.92783534196693e-07	1.06769765742617e-06	3.44948473937685e-06	1.76580766420482e-06	5.74914123229475e-07	2.54604826001625e-06	1.68367707517203e-06	1.27302413000812e-06	1.19089354097534e-06	5.74914123229475e-07	1.93006884227038e-06	3.53161532840963e-06	1.47835060259008e-06	1.60154648613925e-06	3.86013768454076e-06	1.51941589710647e-06	NA	6.57044712262257e-07	1.97113413678677e-06	NA	6.98110006778648e-07	4.51718239680302e-07	1.31408942452451e-06	4.51718239680302e-07	1.06769765742617e-06	NA	NA	NA	6.98110006778648e-07	8.21305890327821e-07	3.44948473937685e-06	NA	NA	NA	NA	NA	NA	1.80687295872121e-06	NA	NA	5.74914123229475e-07	NA	1.19089354097534e-06	4.51718239680302e-07	6.15979417745866e-07	4.92783534196693e-07	5.74914123229475e-07	NA	6.98110006778648e-07	3.44948473937685e-06	NA	NA	NA	1.14982824645895e-06	NA	NA	1.27302413000812e-06	NA	4.51718239680302e-07	NA	NA	NA	NA	NA	5.74914123229475e-07	4.10652945163911e-07	NA	NA	6.57044712262257e-07	NA	NA	1.02663236290978e-06	2.34072178743429e-06	1.19089354097534e-06	6.57044712262257e-07	4.92783534196693e-07	7.39175301295039e-07	9.85567068393386e-07	NA	3.03883179421294e-06	1.31408942452451e-06	1.35515471904091e-06	6.98110006778648e-07	NA	6.57044712262257e-07	1.51941589710647e-06	1.06769765742617e-06	NA	9.44501773876995e-07	NA	4.10652945163911e-07	1.64261178065564e-06	5.54381475971279e-06	1.60154648613925e-06	1.10876295194256e-06	9.03436479360604e-07	NA	NA	3.94226827357354e-06	3.49055003389324e-06	2.71030943808181e-06	NA	NA	2.83350532163098e-06	NA	NA	4.51718239680302e-07	6.48831653358979e-06	NA	NA	4.02439886260633e-06	NA	8.21305890327821e-07	NA	NA	NA	1.02663236290978e-06	NA	NA	NA	NA	NA	NA	NA	NA	NA	NA	NA	NA	5.33848828713084e-07	4.92783534196693e-07	7.8024059581143e-07	1.27302413000812e-06	6.28299006100783e-06	1.35515471904091e-06	5.74914123229475e-07	NA	2.46391767098346e-06	1.10876295194256e-06	6.15979417745866e-07	1.97113413678677e-06	4.51718239680302e-07	1.23195883549173e-06	5.12084222619397e-05	1.3962200135573e-06	1.27302413000812e-06	8.21305890327821e-07	9.03436479360604e-07	7.39175301295039e-07	2.2996564929179e-06	1.72474236968842e-06	7.39175301295039e-06	5.54381475971279e-06	5.74914123229475e-07	4.92783534196693e-07	4.51718239680302e-06	1.80687295872121e-06	NA	4.92783534196693e-07	1.10876295194256e-06	NA	1.27302413000812e-06	6.98110006778648e-07	1.80687295872121e-06	4.10652945163911e-07	8.21305890327821e-07	NA	2.13539531485234e-06	5.83127182132753e-06	1.06769765742617e-06	NA	NA	1.47835060259008e-06	NA	NA	1.14982824645895e-06	6.98110006778648e-07	NA	NA	4.10652945163911e-07	NA	3.86013768454076e-06	NA	7.8024059581143e-07	4.51718239680302e-07	NA	NA	7.39175301295039e-07	NA	NA	NA	NA	NA	NA	6.15979417745866e-07	1.19089354097534e-06	NA	NA	NA	4.51718239680302e-07	NA	2.34072178743429e-06	NA	6.98110006778648e-07	NA	6.57044712262257e-07	9.03436479360604e-07	NA	4.10652945163911e-07	1.14982824645895e-06	5.74914123229475e-07	NA	NA	9.44501773876995e-07	2.42285237646707e-06	NA	NA	NA	2.25859119840151e-06	NA	NA	NA	NA	NA	NA	NA	NA	NA	NA	NA	NA	NA	NA	NA	NA	NA	NA	NA	NA	NA	NA	7.39175301295039e-07	NA	9.03436479360604e-07	6.98110006778648e-07	5.33848828713084e-07	4.10652945163911e-07	NA	6.98110006778648e-07	NA	NA	1.02663236290978e-06	NA	NA	7.39175301295039e-07	NA	NA	NA	4.92783534196693e-07	NA	4.10652945163911e-07	1.06769765742617e-06	9.44501773876995e-07	9.85567068393386e-07	NA	6.15979417745866e-07	NA	NA	4.10652945163911e-07	7.8024059581143e-07	6.15979417745866e-07	7.39175301295039e-07	5.74914123229475e-07	NA	6.15979417745866e-07	NA	4.10652945163911e-07	NA	NA	1.06769765742617e-06	4.51718239680302e-07	9.03436479360604e-07	5.33848828713084e-07	7.8024059581143e-07	NA	NA	NA	NA	NA	6.98110006778648e-07	1.02663236290978e-06	NA	NA	NA	9.03436479360604e-07	NA	NA	NA	NA	NA	NA	6.98110006778648e-07	NA	NA	NA	8.62371184844212e-07	1.59743995668761e-05	NA	NA	NA	2.13539531485234e-06	7.8024059581143e-07	9.85567068393386e-07	NA	7.8024059581143e-07	6.15979417745866e-07	6.57044712262257e-07	1.3962200135573e-06	NA	4.51718239680302e-07	6.15979417745866e-07	7.8024059581143e-07	7.39175301295039e-07	5.33848828713084e-07	6.57044712262257e-07	9.44501773876995e-07	7.8024059581143e-07	5.33848828713084e-07	7.39175301295039e-07	1.51941589710647e-06	3.32628885582768e-06	1.31408942452451e-06	1.27302413000812e-06	1.19089354097534e-06	5.74914123229475e-07	6.57044712262257e-07	1.10876295194256e-06	4.10652945163911e-07	NA	NA	6.15979417745866e-07	4.10652945163911e-07	NA	NA	NA	NA	6.15979417745866e-07	9.44501773876995e-07	1.06769765742617e-06	NA	NA	NA	NA	7.39175301295039e-07	4.51718239680302e-07	NA	NA	NA	NA	NA	7.8024059581143e-07	NA	NA	NA	NA	NA	NA	NA	NA	NA	NA	5.33848828713084e-07	NA	NA	NA	6.57044712262257e-07	6.57044712262257e-07	5.33848828713084e-07	2.13539531485234e-06	4.10652945163911e-07	4.10652945163911e-07	NA	4.51718239680302e-07	NA	6.98110006778648e-07	7.39175301295039e-07	NA	NA	NA	6.98110006778648e-07	NA	NA	NA	NA	NA	NA	NA	NA	NA	NA	NA	6.57044712262257e-07	NA	NA	4.10652945163911e-07	NA	5.74914123229475e-07	6.15979417745866e-07	NA	8.21305890327821e-07	NA	NA	NA	NA	4.51718239680302e-07	4.51718239680302e-07	6.57044712262257e-07	5.74914123229475e-07	4.92783534196693e-07	6.57044712262257e-07	NA	NA	4.51718239680302e-07	4.51718239680302e-07	NA	NA	NA	5.33848828713084e-07	NA	7.39175301295039e-07	6.57044712262257e-07	7.39175301295039e-07	5.74914123229475e-07	NA	4.51718239680302e-07	NA	6.98110006778648e-07	NA	4.51718239680302e-07	NA	NA	4.92783534196693e-07	6.15979417745866e-07	7.39175301295039e-07	4.51718239680302e-07	4.10652945163911e-07	9.44501773876995e-07	9.03436479360604e-07	4.51718239680302e-07	4.92783534196693e-07	NA	NA	4.92783534196693e-07	NA	1.19089354097534e-06	8.21305890327821e-07	4.51718239680302e-07	NA	NA	5.33848828713084e-07	NA	NA	NA	7.39175301295039e-07	NA	NA	NA	NA	NA	NA	NA	NA	NA	NA	NA	5.74914123229475e-07	4.92783534196693e-07	6.15979417745866e-07	5.74914123229475e-07	5.74914123229475e-07	4.10652945163911e-07	4.10652945163911e-07	4.51718239680302e-07	4.51718239680302e-07	4.10652945163911e-07	6.15979417745866e-07	4.10652945163911e-07	4.10652945163911e-07	4.10652945163911e-07	NA	NA	NA	NA	NA	NA	NA	NA	NA	NA	NA	NA	NA	NA	NA	NA	NA	NA	NA	NA	NA	NA	NA	NA	NA	NA	NA	NA	NA	NA	NA	NA	NA	NA	NA	NA	NA	NA	NA	NA	NA	NA	NA	NA	NA	NA	NA	NA	NA	NA	NA	NA	NA	NA	NA	NA	NA	NA	NA	NA	NA	NA	NA	NA	NA	NA	NA	NA	NA	NA	NA	NA	NA	NA	NA	NA	NA	NA	NA	NA	NA	NA	NA	NA	NA	NA	NA	NA	NA	NA	NA	NA	NA	NA	NA	NA	NA	NA	NA	NA	NA	NA	NA	NA	NA	NA	NA	NA	NA	NA	NA	NA	NA	NA	NA	NA	NA	NA	NA	NA	NA	NA	NA	NA	NA	NA	NA	NA	NA	NA	NA	NA	NA	NA	NA	NA	NA	NA	NA	NA	NA	NA	NA	NA	NA	NA	NA	NA	NA	NA	NA	NA	NA	NA	NA	NA	NA	NA	NA	NA	NA	NA	NA	NA	NA	NA	NA	NA	NA	NA	NA	NA	NA	NA	NA	NA	NA	NA	NA	NA	NA	NA	NA	NA	NA	NA	NA	NA	NA	NA	NA	NA	NA	NA	NA	NA	NA	NA	NA	NA	NA	NA	NA	NA	NA	NA	NA	NA	NA	NA	NA	NA	NA	NA	NA	NA	NA	NA	NA	NA	NA	NA	NA	NA	NA	NA	NA	NA	NA	NA	NA	NA	NA	NA	NA	NA	NA	NA	NA	NA	NA	NA	NA	NA	NA	NA	NA	NA	NA	NA	NA	NA	NA	NA	NA	NA	NA	NA	NA	NA	NA	NA	NA	NA	NA	NA	NA	NA	NA	NA	NA	NA	NA	NA	NA	NA	NA	NA	NA	NA	NA	NA	NA	NA	NA	NA	NA	NA	NA	NA	NA	NA	NA	NA	NA	NA	NA	NA	NA	NA	NA	NA	NA	NA	NA	NA	NA	NA	NA	NA	NA	NA	NA	NA	NA	NA	NA	NA	NA	NA	NA	NA	NA	NA	NA	NA	NA	NA	NA	NA	NA	NA	NA	NA	NA	NA	NA	NA	NA	NA	NA	NA	NA	NA
SLC_SMT_NEG_159J	0.00400999895844183	0.0832638961219317	0.334774155469916	NA	NA	0.00130194771377981	0.000173593028503975	NA	NA	0.000156233725653578	0.000286428497031559	NA	NA	0.000433982571259938	0.00084192618824428	0.000286428497031559	NA	0.0601152657709266	0.0305089747595737	NA	NA	NA	NA	NA	NA	NA	NA	NA	NA	NA	NA	NA	NA	NA	NA	NA	0.0106499322987189	NA	NA	NA	NA	NA	NA	NA	NA	NA	NA	NA	NA	NA	NA	NA	NA	NA	NA	NA	NA	NA	NA	NA	NA	NA	NA	NA	NA	NA	NA	NA	NA	NA	NA	NA	NA	NA	NA	NA	NA	NA	NA	NA	NA	NA	0.000486060479811131	0.000147554074228379	NA	NA	NA	NA	NA	NA	NA	NA	NA	NA	NA	NA	NA	NA	NA	NA	NA	NA	NA	NA	NA	NA	0.000182272679929174	NA	0.0864666874978301	0.0582317814116585	0.000781168628267889	0.00013887442280318	0.000225670937055168	0.000364545359858348	0.000329826754157553	0.000937402353921467	0.000329826754157553	0.000173593028503975	NA	NA	9.54761656771864e-05	0.000130194771377981	9.54761656771864e-05	NA	0.000182272679929174	NA	NA	9.54761656771864e-05	NA	NA	NA	9.54761656771864e-05	NA	NA	NA	NA	NA	NA	NA	NA	NA	9.54761656771864e-05	NA	NA	0.000677012811165504	NA	0.000928722702496268	0.00241294309620526	0.000251709891330764	9.54761656771864e-05	NA	0.000399263965559143	NA	NA	NA	NA	NA	NA	NA	NA	NA	NA	NA	NA	NA	NA	NA	NA	NA	NA	NA	NA	NA	NA	NA	NA	NA	NA	NA	NA	NA	NA	NA	NA	NA	NA	NA	NA	NA	NA	NA	NA	NA	NA	NA	NA	NA	0.00020831163420477	NA	0.00236954483907926	0.000251709891330764	0.00678748741450543	0.000173593028503975	0.000538138388362323	0.000121515119952783	NA	NA	NA	0.000112835468527584	NA	NA	0.000286428497031559	NA	NA	9.54761656771864e-05	NA	NA	NA	NA	NA	NA	NA	NA	NA	NA	NA	NA	NA	NA	0.000104155817102385	NA	NA	NA	NA	NA	NA	NA	NA	NA	NA	NA	NA	NA	NA	NA	NA	NA	NA	NA	NA	NA	NA	NA	NA	NA	NA	NA	NA	NA	NA	NA	NA	NA	NA	NA	0.000338506405582752	0.000590216296913516	0.00127590875950422	0.000989480262472659	NA	NA	0.000416623268409541	NA	NA	NA	NA	NA	NA	NA	NA	NA	0.0440231920286081	0.000303787799881957	NA	0.000867965142519876	NA	NA	0.000329826754157553	NA	0.000234350588480367	NA	NA	NA	NA	NA	NA	NA	NA	NA	NA	NA	NA	NA	0.000104155817102385	NA	NA	NA	NA	NA	NA	0.00056417734263792	NA	0.000104155817102385	0.000225670937055168	8.67965142519876e-05	NA	NA	NA	NA	NA	NA	NA	NA	NA	NA	NA	NA	NA	NA	0.000104155817102385	0.000347186057007951	NA	0.00125854945665382	NA	NA	NA	NA	NA	NA	NA	NA	NA	0.000338506405582752	NA	NA	NA	NA	NA	NA	NA	NA	NA	NA	NA	NA	NA	NA	NA	NA	NA	NA	NA	NA	NA	NA	NA	NA	NA	0.000833246536819081	NA	NA	NA	NA	NA	NA	NA	NA	NA	0.000190952331354373	0.000130194771377981	0.000234350588480367	NA	NA	NA	NA	NA	NA	NA	NA	NA	8.67965142519876e-05	NA	NA	NA	NA	NA	0.00127590875950422	NA	NA	NA	9.54761656771864e-05	0.00345450126722911	0.000529458736937125	0.000251709891330764	NA	8.67965142519876e-05	NA	NA	NA	NA	NA	0.00218727215915009	0.000269069194181162	8.67965142519876e-05	NA	NA	0.00365413325000868	0.000216991285629969	0.000190952331354373	NA	NA	NA	0.00624934902614311	NA	NA	NA	NA	NA	NA	NA	NA	NA	NA	NA	0.000746450022567094	0.000286428497031559	NA	NA	NA	NA	NA	NA	NA	NA	0.000303787799881957	NA	0.000104155817102385	NA	0.0184182203242718	0.00105023782244905	0.000390584314133944	0.000269069194181162	0.000729090719716696	9.54761656771864e-05	0.000147554074228379	0.00124986980522862	0.000347186057007951	0.000355865708433149	0.000355865708433149	0.00944346075061626	0.000486060479811131	0.000164913377078777	NA	0.000312467451307156	0.000121515119952783	NA	NA	0.000650973856889907	0.0689598305732042	0.000720411068291497	0.0267072874353366	0.0232614658195327	0.00118043259382703	0.000729090719716696	0.000989480262472659	0.00324618963302434	0.000303787799881957	0.000286428497031559	0.000442662222685137	0.000243030239905565	0.000130194771377981	NA	NA	0.000121515119952783	0.000425302919834739	NA	NA	NA	NA	NA	0.00225670937055168	NA	NA	NA	NA	NA	NA	0.000130194771377981	0.000355865708433149	0.000390584314133944	NA	9.54761656771864e-05	NA	NA	NA	NA	0.000173593028503975	0.000147554074228379	NA	NA	NA	NA	NA	0.000225670937055168	0.000199631982779572	0.000260389542755963	0.000260389542755963	NA	NA	0.000173593028503975	NA	NA	NA	NA	NA	NA	NA	NA	NA	NA	NA	NA	NA	NA	NA	0.000833246536819081	NA	NA	NA	NA	NA	NA	0.000998159913897858	0.000190952331354373	NA	0.000112835468527584	NA	NA	0.000416623268409541	0.000243030239905565	NA	0.000112835468527584	0.000121515119952783	0.00692636183730861	0.00158837621081137	NA	NA	NA	NA	8.67965142519876e-05	NA	NA	0.000156233725653578	NA	0.000173593028503975	NA	NA	NA	NA	NA	NA	NA	0.000668333159740305	8.67965142519876e-05	NA	NA	0.000251709891330764	0.00692636183730861	0.000503419782661528	8.67965142519876e-05	NA	0.000234350588480367	NA	NA	NA	NA	NA	NA	NA	NA	NA	NA	NA	NA	NA	NA	NA	NA	NA	NA	NA	NA	NA	0.000121515119952783	0.000164913377078777	NA	NA	NA	NA	NA	NA	NA	0.000104155817102385	NA	NA	0.000121515119952783	NA	NA	NA	NA	NA	NA	NA	NA	0.000781168628267889	0.000243030239905565	9.54761656771864e-05	0.000130194771377981	NA	9.54761656771864e-05	NA	0.000104155817102385	0.000130194771377981	0.000104155817102385	0.000104155817102385	NA	NA	NA	0.000260389542755963	NA	0.000216991285629969	0.000225670937055168	NA	NA	NA	NA	NA	NA	NA	NA	NA	NA	NA	NA	0.000164913377078777	NA	NA	NA	NA	NA	NA	NA	NA	NA	NA	NA	NA	NA	9.54761656771864e-05	NA	NA	NA	NA	NA	NA	NA	0.000243030239905565	NA	NA	NA	NA	0.000442662222685137	NA	NA	NA	NA	NA	0.00124986980522862	NA	NA	NA	0.000251709891330764	NA	NA	NA	NA	NA	0.000260389542755963	NA	0.000104155817102385	NA	NA	NA	NA	NA	NA	NA	NA	NA	NA	NA	NA	NA	0.000225670937055168	NA	NA	NA	NA	NA	NA	NA	NA	NA	NA	0.00103287851959865	NA	NA	NA	NA	NA	NA	NA	NA	NA	NA	NA	NA	8.67965142519876e-05	NA	NA	NA	NA	NA	NA	NA	NA	NA	0.000572856994063118	NA	NA	NA	NA	NA	NA	NA	NA	NA	NA	NA	NA	0.00084192618824428	NA	NA	NA	NA	NA	NA	NA	NA	NA	NA	NA	NA	NA	9.54761656771864e-05	0.000598895948338715	0.00124119015380342	0.000121515119952783	NA	0.000182272679929174	0.000182272679929174	0.00020831163420477	NA	NA	NA	NA	NA	NA	NA	NA	NA	0.000390584314133944	NA	NA	NA	NA	NA	NA	NA	9.54761656771864e-05	NA	NA	NA	NA	NA	NA	NA	NA	0.000347186057007951	NA	0.000347186057007951	NA	0.000555497691212721	NA	NA	NA	NA	NA	NA	NA	NA	NA	NA	NA	NA	NA	NA	NA	NA	9.54761656771864e-05	NA	NA	NA	NA	NA	NA	NA	NA	NA	NA	NA	0.000130194771377981	NA	NA	NA	NA	NA	NA	NA	NA	NA	NA	NA	NA	NA	NA	NA	NA	NA	NA	NA	NA	NA	NA	NA	NA	NA	NA	NA	NA	NA	NA	NA	NA	NA	NA	0.000312467451307156	0.000824566885393883	NA	NA	0.00013887442280318	NA	NA	NA	NA	NA	NA	NA	NA	NA	0.00895740027080512	NA	0.000243030239905565	NA	0.00214387390202409	8.67965142519876e-05	NA	NA	NA	0.00020831163420477	NA	NA	NA	NA	NA	NA	NA	NA	NA	NA	NA	NA	NA	NA	NA	NA	NA	NA	0.000824566885393883	NA	NA	NA	NA	NA	NA	NA	0.000156233725653578	NA	NA	NA	NA	NA	NA	NA	NA	NA	NA	NA	NA	NA	NA	NA	NA	NA	NA	NA	NA	0.000546818039787522	0.00220463146200049	NA	NA	NA	NA	NA	NA	0.000182272679929174	NA	NA	NA	NA	NA	NA	0.000312467451307156	NA	0.000234350588480367	NA	NA	NA	NA	NA	NA	NA	NA	NA	NA	NA	NA	NA	NA	NA	NA	0.000451341874110336	NA	0.0112314689442072	NA	NA	NA	NA	NA	NA	NA	NA	NA	NA	NA	NA	NA	NA	NA	NA	NA	NA	NA	NA	NA	NA	NA	NA	NA	NA	0.000303787799881957	NA	NA	NA	NA	NA	NA	NA	NA	0.000390584314133944	0.000147554074228379	0.000355865708433149	NA	0.00013887442280318	NA	NA	NA	NA	NA	NA	NA	0.000295108148456758	NA	NA	NA	NA	NA	NA	NA	NA	NA	NA	NA	NA	NA	NA	NA	NA	NA	NA	NA	NA	NA	NA	NA	NA	NA	NA	NA	NA	NA	NA	NA	NA	NA	NA	NA	NA	NA	NA	NA	NA	NA	NA	NA	NA	NA	NA	NA	NA	NA	NA	NA	NA	NA	NA	NA	NA	NA	NA	NA	NA	NA	NA	NA	NA	NA	NA	NA	NA	NA	0.000147554074228379	0.000147554074228379	0.000104155817102385	NA	NA	NA	NA	NA	NA	NA	NA	NA	NA	9.54761656771864e-05	NA	NA	NA	NA	NA	NA	NA	NA	NA	NA	NA	NA	NA	NA	NA	0.000130194771377981	NA	NA	NA	NA	0.000156233725653578	NA	NA	NA	NA	NA	NA	NA	NA	NA	NA	NA	NA	NA	NA	NA	NA	NA	NA	NA	NA	NA	NA	NA	NA	NA	NA	NA	NA	NA	NA	NA	NA	NA	NA	NA	NA	9.54761656771864e-05	NA	NA	NA	NA	NA	NA	NA	NA	NA	NA	NA	NA	NA	NA	NA	NA	NA	NA	NA	NA	NA	NA	NA	NA	NA	NA	NA	NA	NA	NA	NA	NA	NA	NA	NA	NA	NA	NA	NA	NA	NA	NA	NA	0.000112835468527584	NA	NA	NA	NA	NA	NA	NA	NA	NA	NA	NA	NA	NA	NA	NA	NA	NA	NA	NA	NA	NA	NA	NA	NA	NA	NA	NA	NA	NA	NA	NA	NA	NA	NA	NA	NA	NA	NA	NA	NA	NA	NA	NA	NA	NA	0.000807207582543485	NA	NA	NA	NA	NA	NA	NA	NA	NA	NA	NA	NA	NA	NA	NA	NA	NA	NA	NA	NA	NA	NA	NA	NA	NA	NA	NA	NA	NA	NA	NA	NA	NA	NA	NA	NA	NA	NA	NA	NA	NA	NA	NA	NA	NA	NA	NA	NA	NA	NA	NA	NA	NA	NA	NA	NA	NA	NA	NA	NA	NA	NA	NA	NA	NA	NA	NA	NA	NA	NA	NA	NA	NA	NA	NA	NA	NA	NA	NA	NA	NA	NA	NA	NA	NA	NA	NA	NA	NA	NA	NA	NA	NA	NA	NA	NA	NA	NA	NA	NA	NA	NA	NA	NA	NA	NA	NA	NA	NA	NA	NA	NA	NA	NA	NA	NA	NA	NA	NA	NA	NA	NA	NA	NA	NA	NA	NA	NA	NA	NA	NA	NA	NA	NA	NA	NA	NA	NA	NA	NA	NA	NA	NA	NA	8.67965142519876e-05	NA	NA	NA	NA	NA	NA	NA	NA	NA	NA	NA	NA	NA	NA	NA	NA	NA	NA	NA	NA	NA	0.000243030239905565	NA	NA	NA	0.000121515119952783	NA	NA	NA	NA	NA	NA	NA	NA	NA	NA	NA	NA	NA	NA	NA	NA	NA	NA	NA	NA	NA	NA	NA	NA	NA	NA	NA	NA	NA	NA	NA	NA	NA	NA	NA	NA	NA	NA	NA	NA	NA	NA	NA	NA	NA	NA	NA	NA	NA	NA	NA	NA	NA	NA	NA	NA	NA	NA	NA	NA	NA	NA	NA	NA	NA	NA	NA	NA	NA	NA	NA	NA	NA	NA	NA	NA	NA	NA	NA	NA	NA	NA	NA	NA	NA	NA	NA	NA	NA	NA	NA	NA	NA	NA	NA	NA	NA	NA	NA	NA	NA	NA	NA	NA	NA	NA	NA	NA	NA	NA	NA	NA	NA	NA	NA	NA	NA	NA	NA	NA	NA	NA	NA	NA	NA	NA	NA	NA	NA	NA	NA	NA	NA	NA	NA	NA	NA	NA	NA	NA	NA	NA	NA	NA	NA	NA	NA	NA	NA	NA	NA	NA	NA	NA	NA	NA	NA	NA	NA	NA	NA	NA	NA	NA	NA	NA	NA	NA	NA	NA	NA	NA	NA	NA	NA	NA	NA	NA	NA	NA	NA	NA	NA	NA	NA	NA	NA	NA	NA	NA	NA	NA	NA	NA	NA	NA	NA	NA	NA	NA	NA	NA	NA	NA	NA	NA	NA	NA	NA	NA	NA	NA	NA	NA	NA	NA	NA	NA	NA	NA	NA	NA	NA	NA	NA	NA	NA	NA	NA	NA	NA	NA	NA	NA	NA	NA	NA	NA	NA	NA	NA	NA	NA	NA	NA	NA	NA	NA	NA	NA	NA	NA	NA	NA	NA	NA	NA	NA	NA	NA	NA	NA	NA	NA	NA	NA	NA	NA	NA	NA	NA	NA	NA	NA	NA	NA	NA	NA	NA	NA	NA	NA	NA	NA	NA	NA	NA	NA	NA	NA	NA	NA	NA	NA	NA	NA	NA	NA	NA	NA	NA	NA	NA	NA	NA	NA	NA	NA	NA	NA	NA	NA	NA	NA	NA	NA	NA	NA	NA	NA	NA	NA	NA	NA	NA	NA	NA	NA	NA	NA	NA	NA	NA	NA	NA	NA	NA	NA	NA	NA	NA	NA	NA	NA	NA	NA	NA	NA	NA	NA	NA	NA	NA	NA	NA	NA	NA	NA	NA	NA	NA	NA	NA	NA	NA	NA	NA	NA	NA	NA	NA	NA	NA	NA	NA	NA	NA	NA	NA	NA	NA	NA	NA	NA	NA	NA	NA	NA	NA	NA	NA	NA	NA	NA	NA	NA	NA	NA	NA	NA	NA	NA	NA	NA	NA	NA	NA	NA	NA	NA	NA	NA	NA	NA	NA	NA	NA	NA	NA	NA	NA	NA	NA	NA	NA	NA	NA	NA	NA	NA	NA	NA	NA	NA	NA	NA	NA	NA	NA	NA	NA	NA	NA	NA	NA	NA	NA	NA	NA	NA	NA	NA	NA	NA	NA	NA	NA	NA	NA	NA	NA	NA	NA	NA	NA	NA	NA	NA	NA	NA	NA	NA	NA	NA	NA	NA	NA	NA	NA	NA	NA	NA	NA	NA	NA	NA	NA	NA	NA	NA	NA	NA	NA	NA	NA	NA	NA	NA	NA	NA	NA	NA	NA	NA	NA	NA	NA	NA	NA	NA	NA	NA	NA	NA	NA	NA	NA	NA	NA	NA	NA	NA	NA	NA	NA	NA	NA	NA	NA	NA	NA	NA	NA	NA	NA	NA	NA	NA	NA	NA	NA	NA	NA	NA	NA	NA	NA	NA	NA	NA	NA	NA	NA	NA	NA	NA	NA	NA	NA	NA	NA	NA	NA	NA	NA	NA	NA	NA	NA	NA	NA	NA	NA	NA	NA	NA	NA	NA	NA	NA	NA	NA	NA	NA	NA	NA	NA	NA	NA	NA	NA	NA	NA	NA	NA	NA	NA	NA	NA	NA	NA	NA	NA	NA	NA	NA	NA	NA	NA	NA	NA	NA	NA	NA	NA	NA	NA	NA	NA	NA	NA	NA	NA	NA	NA	NA	NA	NA	NA	NA	NA	NA	NA	NA	NA	NA	NA	NA	NA	NA	NA	NA	NA	NA	NA	NA	NA	NA	NA	NA	NA	NA	NA	NA	NA	NA	NA	NA	NA	NA	NA	NA	NA	NA	NA	NA	NA	NA	NA	NA	NA	NA	NA	NA	NA	NA	NA	NA	NA	NA	NA	NA	NA	NA	NA	NA	NA	NA	NA	NA	NA	NA	NA	NA	NA	NA	NA	NA	NA	NA	NA	NA	NA	NA	NA	NA	NA	NA	NA	NA	NA	NA	NA	NA	NA	NA	NA	NA	NA	NA	NA	NA	NA	NA	NA	NA	NA	NA	NA	NA	NA	NA	NA	NA	NA	NA	NA	NA	NA	NA	NA	NA	NA	NA
SLC_SMT_NEG_103J	0.000450345815044817	0.0159435219338055	0.174249511003457	NA	NA	3.26641414489747e-05	3.31055487658527e-06	0.0252837007589447	0.22928285104986	0.0244320053410285	0.168165042195781	3.27744932781942e-05	0.00527128617815751	3.12295676691211e-05	0.0173788681764636	2.71465499879992e-05	NA	0.0583102376150763	0.0123269614347945	9.25851847151681e-05	3.42090670580478e-06	1.54492560907313e-06	NA	NA	9.11506109353145e-05	0.00647312795018718	0.00446163480717397	0.00075977234417632	0.00026087172427492	4.01680658359013e-05	3.16709749859991e-05	5.93692841200959e-05	3.38780115703893e-05	1.83184036504385e-05	0.00778013501546305	0.00220990573194989	0.001717295166314	0.00134717513111177	0.000232732007823945	7.07355225297053e-05	1.30215158479021e-05	1.36836268232191e-05	1.33525713355606e-05	1.73252371874629e-05	8.93849816678024e-06	4.19336951034135e-06	4.30372133956085e-06	0.000718942167365102	2.3835995111414e-05	1.20283493849265e-05	0.00167348549011386	0.000102958256661802	3.0126049376926e-05	0.000751164901497198	2.64844390126822e-06	1.2138701214146e-06	6.17970243629251e-06	3.42090670580478e-06	0.00125425889090894	3.24434377905357e-05	6.51075792395104e-06	3.53125853502429e-06	0.000140919285913313	1.34629231647801e-05	1.01523682881948e-05	2.09668475517067e-06	3.75196219346331e-06	3.86231402268282e-06	2.53809207204871e-06	2.20703658439018e-06	NA	NA	NA	2.31738841360969e-06	NA	3.46504743749259e-05	1.43457377985362e-06	NA	NA	1.65527743829264e-06	NA	0.0101743283022095	0.0157885879655813	0.000160672263343605	0.000100861571906631	8.23224645977538e-05	3.63057518132185e-05	0.000126352844456338	0.000169831465168825	4.50235463215597e-05	2.95742902308284e-05	2.28428286484384e-05	9.7109609713168e-05	2.07461438932677e-05	3.0126049376926e-05	2.05254402348287e-05	3.53125853502429e-06	1.22490530433655e-05	5.73829511941447e-06	3.53125853502429e-06	5.51759146097546e-06	1.10351829219509e-06	5.84864694863398e-06	NA	1.2138701214146e-06	1.43457377985362e-06	0.00685759372318795	0.0125452373529907	0.000968006245913534	0.0022874830678912	0.00184099956686907	0.000285369830361651	0.000647213478372421	0.000868248192299098	0.000679656916162957	0.00021121340112614	0.000355995001062136	6.32315981427787e-05	0.000157582412125459	4.23751024202915e-05	6.46661719226323e-05	3.00156975477065e-05	4.07198249819989e-05	2.86914755970724e-05	2.31738841360969e-06	1.73252371874629e-05	1.33525713355606e-05	1.78769963335605e-05	2.81397164509748e-05	1.43457377985362e-05	6.40040609473153e-06	2.17393103562433e-05	3.75196219346331e-06	3.31055487658527e-06	2.20703658439018e-06	4.8554804856584e-06	1.32422195063411e-06	2.20703658439018e-06	NA	0.00567164261456589	0.0327222968629734	0.000199736810887311	0.00590801623275408	0.00245212799708671	0.000360519426060136	0.000450456166874036	0.000341318207775942	0.000383251902879355	0.00116686024216709	0.000507287358922083	3.96163066898038e-05	9.72199615423875e-05	9.94269981267777e-05	6.77560231407786e-05	5.95899877785349e-05	2.75879573048773e-05	7.8901557891949e-05	3.33262524242917e-05	1.8428755479658e-05	2.16289585270238e-05	1.78769963335605e-05	3.27744932781942e-05	1.33525713355606e-05	1.44560896277557e-05	1.05937756050729e-05	1.66631262121459e-05	2.19600140146823e-05	1.05937756050729e-05	2.65947908419017e-05	1.2580108531024e-05	1.24697567018045e-05	1.85391073088775e-05	1.50078487738532e-05	3.6416103642438e-05	8.60744267912171e-06	6.62110975317055e-06	1.11455347511704e-05	8.05568353302416e-06	5.18653597331693e-06	9.37990548365827e-06	1.87598109673165e-06	8.16603536224367e-06	4.30372133956085e-06	6.069350607073e-06	8.4970908499022e-06	2.86914755970724e-06	1.05937756050729e-05	6.40040609473153e-06	7.2832207284876e-06	1.32422195063411e-05	4.96583231487791e-06	7.94533170380465e-06	3.97266585190233e-06	1.43457377985362e-06	1.10351829219509e-06	NA	0.00469204942658431	0.00251811839095998	0.000879062671562609	0.00859872488461337	0.00206644835396453	0.00237653699407135	0.00291549532797943	0.000584643991204959	7.868085423351e-05	8.34259828899489e-05	0.000252926392571115	0.000177225037726532	9.77717206884851e-05	4.51338981507792e-05	9.02677963015584e-05	6.14659688752666e-05	0.000196095200523068	0.000181639110895312	4.64581201014133e-05	4.88858603442425e-05	2.53809207204871e-05	0.00015956874505141	4.88858603442425e-05	3.16709749859991e-05	7.18390408219004e-05	3.75196219346331e-05	2.27324768192189e-05	7.19493926511199e-05	2.89121792555114e-05	2.26221249899994e-05	2.54912725497066e-05	1.64424225537069e-05	2.09668475517067e-05	2.09668475517067e-05	3.22227341320967e-05	2.89121792555114e-05	1.97529774302921e-05	1.35732749939996e-05	4.57960091260963e-05	2.89121792555114e-05	9.49025731287778e-06	3.11192158399016e-05	1.69941816998044e-05	1.18076457264875e-05	7.06251707004858e-06	2.31738841360969e-05	5.29688780253644e-06	1.80976999919995e-05	8.82814633756073e-06	1.04834237758534e-05	2.4056698769853e-05	8.05568353302416e-06	6.84181341160956e-06	2.19600140146823e-05	5.51759146097546e-06	2.97949938892675e-06	6.51075792395104e-06	1.20283493849265e-05	3.86231402268282e-06	9.7109609713168e-06	8.82814633756073e-06	NA	8.05568353302416e-06	4.19336951034135e-06	3.20020304736576e-06	6.73146158239005e-06	1.2138701214146e-06	3.6416103642438e-06	2.97949938892675e-06	0.0221294040725343	0.00135776890671684	0.00052384013330501	0.000861075323399829	0.000372768479103502	0.000322227341320967	0.000158134171271557	6.59903938732664e-05	0.000127456362748533	7.08458743589248e-05	3.70782146177551e-05	7.06251707004858e-06	1.32422195063411e-05	1.01523682881948e-05	1.04834237758534e-05	8.16603536224367e-06	0.0096447498737851	0.00397034846348872	0.000205695809665165	0.00192994314121999	0.000572615641820033	0.000157803115783898	0.000218386270025409	3.22227341320967e-05	1.34629231647801e-05	4.01680658359013e-05	1.97529774302921e-05	1.1697293897268e-05	1.12558865803899e-05	3.27744932781942e-05	4.52442499799987e-06	1.76562926751215e-06	4.08301768112184e-06	1.98633292595116e-06	1.76562926751215e-06	0.000344408058994088	3.80713810807306e-05	0.00111521558609236	5.89278768032179e-05	2.4277402428292e-05	5.95899877785349e-06	6.84181341160956e-06	2.20703658439018e-06	3.53125853502429e-06	4.74512865643889e-06	0.000124035456042728	7.17286889926809e-05	2.60430316958041e-05	5.06514896117547e-05	0.00028316279377726	6.95216524082907e-06	3.42090670580478e-06	2.86914755970724e-06	0.000212096215759896	6.34523018012177e-05	2.59326798665846e-05	4.63477682721938e-06	7.2170096309559e-05	3.0788160352243e-05	1.07041274342924e-05	6.62110975317055e-06	3.20020304736576e-06	NA	2.53809207204871e-06	0.000273893240122822	0.000210992697467701	0.00023604256270053	6.48868755810714e-05	4.03887694943403e-05	1.13662384096094e-05	1.2580108531024e-05	1.60010152368288e-05	3.75196219346331e-06	4.30372133956085e-06	5.07618414409742e-06	5.40723963175595e-06	5.51759146097546e-06	NA	6.73146158239005e-06	2.07461438932677e-05	2.24014213315603e-05	6.51075792395104e-06	8.16603536224367e-06	5.62794329019496e-06	2.86914755970724e-06	2.09668475517067e-06	1.2138701214146e-06	4.19336951034135e-06	7.10665780173639e-05	9.41301103242413e-05	3.60850481547795e-05	4.96583231487791e-06	2.31738841360969e-06	3.6416103642438e-06	3.10088640106821e-05	1.54492560907313e-06	1.80976999919995e-05	6.62110975317055e-06	1.98633292595116e-06	4.63477682721938e-06	NA	2.20703658439018e-06	1.07041274342924e-05	0.00121364941775616	NA	1.69941816998044e-05	NA	1.88701627965361e-05	9.93166462975582e-06	2.00840329179507e-05	4.06094731527794e-05	1.80976999919995e-05	1.02627201174143e-05	8.48605566698025e-05	5.95899877785349e-06	2.97949938892675e-06	1.98633292595116e-06	1.65527743829264e-05	3.71885664469746e-05	3.20020304736576e-06	8.71779450834122e-05	5.29688780253644e-06	NA	NA	1.87598109673165e-06	3.04571048645845e-05	3.75196219346331e-05	2.86914755970724e-06	8.05568353302416e-06	2.97949938892675e-06	1.65527743829264e-06	NA	5.18653597331693e-06	7.94533170380465e-06	1.87598109673165e-06	0.000114214143242192	0.000390645475437062	4.94376194903401e-05	1.8208051821219e-05	6.73146158239005e-06	6.95216524082907e-06	2.97949938892675e-06	1.98633292595116e-06	2.09668475517067e-06	NA	2.09668475517067e-06	0.000333703931559796	4.98790268072181e-05	5.18653597331693e-06	1.10351829219509e-06	3.6416103642438e-06	0.00199736810887311	0.00011013112556107	4.70098792475109e-05	7.61427621614613e-06	5.85968213155593e-05	1.97529774302921e-05	0.0187036418862438	5.98106914369739e-05	5.95899877785349e-06	NA	1.03730719466339e-05	4.04991213235598e-05	3.08985121814625e-06	NA	2.19600140146823e-05	0.000172810964557751	3.75196219346331e-06	7.64738176491198e-05	0.000488086140637889	6.87491896037542e-05	2.16289585270238e-05	1.54492560907313e-06	1.65527743829264e-06	1.43457377985362e-06	2.09668475517067e-06	3.98370103482428e-05	8.16603536224367e-06	4.63477682721938e-06	0.000133525713355606	1.03730719466339e-05	4.35889725417061e-05	3.97266585190233e-06	8.18810572808757e-05	0.000170052168827264	0.000964254283720071	1.10351829219509e-05	0.000107372329830582	3.56436408379014e-05	1.61113670660483e-05	1.48974969446337e-05	4.49131944923402e-05	4.28165097371695e-05	0.000927065717273096	7.33839664309735e-05	7.2832207284876e-06	8.27638719146318e-06	6.17970243629251e-06	3.86231402268282e-06	2.20703658439018e-06	1.54492560907313e-06	1.87598109673165e-06	1.34629231647801e-05	0.0010062983306527	0.000266058260248236	0.00032597930351443	0.000129442695674484	4.12715841280964e-05	2.90225310847309e-05	2.4056698769853e-05	8.34259828899489e-05	1.37939786524386e-05	8.05568353302416e-06	1.60010152368288e-05	2.75879573048773e-06	1.87598109673165e-06	0.000392852512021452	5.07618414409742e-06	4.74512865643889e-06	7.2170096309559e-05	2.16289585270238e-05	5.94796359493154e-05	NA	NA	6.29005426551202e-06	5.51759146097546e-06	7.94533170380465e-06	2.20703658439018e-06	3.42090670580478e-06	8.38673902068269e-06	1.65527743829264e-06	NA	1.67734780413654e-05	7.50392438692662e-05	0.000469215977841353	2.64844390126822e-06	4.96583231487791e-06	3.6416103642438e-06	NA	NA	0.000124807918847265	2.16289585270238e-05	8.93849816678024e-06	8.16603536224367e-05	3.53125853502429e-06	NA	0.000357981333988088	6.17970243629251e-05	1.66631262121459e-05	1.30215158479021e-05	2.49395134036091e-05	2.81397164509748e-05	1.43457377985362e-06	1.2138701214146e-06	5.29688780253644e-06	3.53125853502429e-06	8.05568353302416e-06	7.73566322828759e-05	7.72462804536564e-06	4.52442499799987e-06	3.75196219346331e-06	6.29005426551202e-06	3.75196219346331e-06	1.76562926751215e-06	3.97266585190233e-06	4.63477682721938e-06	1.62217188952678e-05	3.75196219346331e-06	2.20703658439018e-06	1.43457377985362e-06	0.00144880916582293	7.17286889926809e-06	1.18076457264875e-05	1.1917997555707e-05	1.07041274342924e-05	3.31055487658527e-06	0.000749619975888125	3.27744932781942e-05	1.54492560907313e-05	1.32422195063411e-06	4.96583231487791e-05	2.97949938892675e-06	6.40040609473153e-06	5.28585261961449e-05	1.37939786524386e-05	3.97266585190233e-06	5.73829511941447e-06	NA	7.15079853342419e-05	1.66631262121459e-05	NA	5.73829511941447e-06	1.98633292595116e-06	3.31055487658527e-06	NA	2.53809207204871e-06	5.95899877785349e-06	1.2138701214146e-06	NA	NA	1.32422195063411e-06	3.20020304736576e-06	2.20703658439018e-06	NA	NA	2.20703658439018e-06	2.20703658439018e-06	0.00020006786637497	2.27324768192189e-05	5.18653597331693e-06	3.75196219346331e-06	4.8775508515023e-05	0.000799609354524563	0.000128008121894631	8.93849816678024e-06	4.30372133956085e-06	1.62217188952678e-05	3.97266585190233e-06	1.2580108531024e-05	1.43457377985362e-06	1.92012182841946e-05	4.41407316878036e-06	8.82814633756073e-06	1.42353859693167e-05	2.31738841360969e-06	NA	2.09668475517067e-06	2.20703658439018e-06	1.2138701214146e-06	1.98633292595116e-06	3.53125853502429e-06	4.52442499799987e-06	2.09668475517067e-06	0.00014378843347302	NA	2.09668475517067e-06	0.00293480689809284	1.42353859693167e-05	5.12032487578522e-05	2.09668475517067e-06	3.42090670580478e-06	6.51075792395104e-06	3.6416103642438e-06	2.97949938892675e-06	3.86231402268282e-06	1.87598109673165e-05	1.32422195063411e-06	8.78400560587292e-05	2.03047365763897e-05	1.61113670660483e-05	8.60744267912171e-06	3.6416103642438e-06	7.06251707004858e-06	4.19336951034135e-06	2.97949938892675e-06	1.2138701214146e-06	NA	1.10351829219509e-06	NA	0.000129332343845265	3.49815298625844e-05	3.75196219346331e-06	1.10351829219509e-06	4.2044046932633e-05	0.000161224022489703	1.87598109673165e-06	5.15343042455107e-05	2.68154945003407e-05	1.00420164589753e-05	4.52442499799987e-06	1.22490530433655e-05	4.96583231487791e-06	1.39043304816581e-05	3.53125853502429e-06	1.96426256010726e-05	2.73672536464383e-05	5.40723963175595e-06	1.00420164589753e-05	1.43457377985362e-06	NA	1.54492560907313e-06	2.36152914529749e-05	NA	NA	1.76562926751215e-06	5.40723963175595e-06	1.65527743829264e-06	1.10351829219509e-06	4.96583231487791e-06	3.10088640106821e-05	NA	NA	NA	1.10351829219509e-06	1.15869420680485e-05	2.43877542575115e-05	1.36836268232191e-05	7.72462804536564e-06	6.29005426551202e-06	NA	2.20703658439018e-06	0.000420992228472427	7.72462804536564e-06	9.7109609713168e-06	4.30372133956085e-06	7.83497987458515e-06	4.08301768112184e-06	1.65527743829264e-06	NA	4.52442499799987e-06	4.19336951034135e-06	1.2138701214146e-06	NA	6.40040609473153e-06	NA	2.53809207204871e-06	2.15186066978043e-05	3.53125853502429e-06	3.53125853502429e-06	5.29688780253644e-06	1.76562926751215e-06	1.32422195063411e-06	0.000308874769985406	2.86914755970724e-06	3.08985121814625e-06	1.54492560907313e-06	3.69678627885355e-05	2.20703658439018e-06	1.14765902388289e-05	0.00012138701214146	7.06251707004858e-06	NA	2.20703658439018e-06	1.08144792635119e-05	7.61427621614613e-06	1.03730719466339e-05	1.43457377985362e-06	3.12295676691211e-05	4.08301768112184e-06	2.4277402428292e-06	3.08985121814625e-06	NA	9.37990548365827e-06	1.07041274342924e-05	NA	2.75879573048773e-06	NA	2.4277402428292e-06	3.31055487658527e-06	NA	8.05568353302416e-06	NA	2.471880974517e-05	NA	2.86914755970724e-06	2.50498652328286e-05	3.31055487658527e-06	1.87598109673165e-06	1.62217188952678e-05	1.32422195063411e-06	1.32422195063411e-06	5.51759146097546e-06	NA	6.17970243629251e-06	4.30372133956085e-06	1.98633292595116e-06	1.43457377985362e-06	NA	NA	1.2138701214146e-06	NA	NA	1.2138701214146e-06	NA	1.54492560907313e-06	NA	9.82131280053631e-06	1.98633292595116e-06	5.73829511941447e-06	3.52022335210234e-05	0.00014842321030024	1.72148853582434e-05	0.000208454605395653	8.43087975237049e-05	0.00022920074928892	1.99736810887311e-05	2.97949938892675e-05	8.78400560587292e-05	2.75879573048773e-06	1.34629231647801e-05	6.95216524082907e-06	4.41407316878036e-06	8.05568353302416e-06	5.40723963175595e-06	2.64844390126822e-06	7.17286889926809e-06	1.76562926751215e-06	4.74512865643889e-06	5.84864694863398e-06	NA	2.20703658439018e-06	1.10351829219509e-06	2.31738841360969e-06	3.86231402268282e-06	2.64844390126822e-06	1.98633292595116e-06	NA	1.2138701214146e-06	1.43457377985362e-06	7.72462804536564e-06	2.59326798665846e-05	4.72305829059499e-05	2.01943847471702e-05	3.92852512021452e-05	1.43457377985362e-06	7.72462804536564e-06	7.61427621614613e-06	NA	7.2832207284876e-06	1.04834237758534e-05	2.20703658439018e-06	6.62110975317055e-06	5.07618414409742e-06	2.31738841360969e-06	4.96583231487791e-06	NA	3.08985121814625e-06	3.31055487658527e-06	3.42090670580478e-06	NA	NA	3.53125853502429e-06	1.87598109673165e-06	3.08985121814625e-06	4.8554804856584e-06	2.09668475517067e-06	NA	4.30372133956085e-06	2.20703658439018e-06	NA	3.20020304736576e-06	2.4277402428292e-06	NA	0.000139153656645801	5.02100822948766e-05	2.95742902308284e-05	8.60744267912171e-06	5.58380255850716e-05	0.000349815298625844	2.95742902308284e-05	1.98633292595116e-06	5.95899877785349e-06	1.43457377985362e-05	3.20020304736576e-05	9.55646841040949e-05	3.42090670580478e-06	1.88701627965361e-05	1.52285524322923e-05	6.17970243629251e-06	5.51759146097546e-06	1.33525713355606e-05	1.64424225537069e-05	8.16603536224367e-06	5.62794329019496e-06	9.04884999599975e-06	8.16603536224367e-06	7.83497987458515e-06	5.40723963175595e-06	4.63477682721938e-06	1.43457377985362e-06	1.2138701214146e-06	2.09668475517067e-06	3.20020304736576e-06	NA	1.87598109673165e-06	NA	1.76562926751215e-06	2.4277402428292e-06	2.20703658439018e-06	5.4403451805218e-05	2.36152914529749e-05	0.000166520910292239	0.000103841071295558	7.2832207284876e-06	3.08985121814625e-06	2.80293646217553e-05	4.8996212173462e-05	4.52442499799987e-06	8.93849816678024e-06	1.22490530433655e-05	4.74512865643889e-06	2.20703658439018e-06	5.18653597331693e-06	1.54492560907313e-06	2.20703658439018e-06	1.65527743829264e-06	7.61427621614613e-06	1.2138701214146e-06	3.08985121814625e-06	2.31738841360969e-06	2.57119762081456e-05	1.54492560907313e-06	NA	1.13662384096094e-05	1.01523682881948e-05	1.98633292595116e-06	1.43457377985362e-06	NA	NA	1.65527743829264e-06	2.09668475517067e-06	0.000126683899943996	1.18076457264875e-05	8.82814633756073e-06	5.07618414409742e-06	1.76562926751215e-06	2.09668475517067e-06	2.20703658439018e-06	5.51759146097546e-06	2.97949938892675e-06	NA	NA	4.19336951034135e-06	2.97949938892675e-06	6.99630597251688e-05	4.66788237598523e-05	6.95216524082907e-06	4.35889725417061e-05	1.95322737718531e-05	8.70675932541927e-05	2.03047365763897e-05	NA	2.75879573048773e-06	2.31738841360969e-06	7.50392438692662e-06	1.32422195063411e-06	6.40040609473153e-06	1.54492560907313e-06	NA	5.07618414409742e-06	NA	NA	NA	NA	NA	2.53809207204871e-06	2.57119762081456e-05	3.86231402268282e-06	1.47871451154142e-05	1.65527743829264e-06	0.000162327540781898	4.74512865643889e-06	NA	0.000318365027298284	1.87598109673165e-06	6.069350607073e-06	9.49025731287778e-06	2.4277402428292e-06	6.0031395095413e-05	3.14502713275601e-05	9.7109609713168e-06	5.73829511941447e-06	NA	NA	4.52442499799987e-06	1.7766644504341e-05	9.26955365443876e-06	2.20703658439018e-06	1.65527743829264e-06	1.94219219426336e-05	1.22490530433655e-05	8.93849816678024e-06	3.86231402268282e-06	1.87598109673165e-06	0.000523288374158912	1.87598109673165e-06	4.51338981507792e-05	4.8554804856584e-06	1.87598109673165e-06	NA	1.75459408459019e-05	NA	0.000164644929195508	0.000108806903610436	4.63477682721938e-06	1.10351829219509e-06	NA	1.98633292595116e-06	NA	0.000193998515767897	1.43457377985362e-06	1.87598109673165e-06	NA	9.26955365443876e-06	NA	NA	NA	8.67365377665341e-05	5.29688780253644e-06	3.53125853502429e-06	1.10351829219509e-06	NA	1.13662384096094e-05	NA	NA	NA	NA	2.97949938892675e-06	NA	0.000352684446185551	4.52442499799987e-06	2.09668475517067e-06	1.13662384096094e-05	NA	NA	NA	5.59483774142911e-05	1.55596079199508e-05	0.00248313686109739	0.00818137426650519	NA	5.95899877785349e-06	8.60744267912171e-06	2.09668475517067e-06	2.53809207204871e-06	1.02627201174143e-05	NA	1.43457377985362e-06	NA	7.39357255770711e-06	1.97529774302921e-05	1.88701627965361e-05	4.35889725417061e-05	2.31738841360969e-06	2.14082548685848e-05	2.75879573048773e-06	3.31055487658527e-05	5.73829511941447e-06	4.51338981507792e-05	NA	NA	1.98633292595116e-06	5.62794329019496e-05	3.08985121814625e-06	4.63477682721938e-06	2.04150884056092e-05	2.18496621854628e-05	3.28848451074137e-05	4.75616383936084e-05	NA	2.31738841360969e-06	NA	NA	1.98633292595116e-06	3.31055487658527e-06	1.54492560907313e-06	4.28165097371695e-05	NA	NA	1.98633292595116e-06	NA	NA	NA	NA	NA	8.93849816678024e-06	NA	NA	3.12295676691211e-05	NA	3.20020304736576e-06	1.43457377985362e-06	NA	NA	NA	NA	NA	NA	5.40723963175595e-06	1.98633292595116e-06	NA	1.2138701214146e-06	1.2138701214146e-06	NA	NA	NA	NA	2.09668475517067e-06	4.63477682721938e-06	2.09668475517067e-06	4.08301768112184e-06	2.4277402428292e-06	2.64844390126822e-06	2.31738841360969e-06	1.54492560907313e-06	1.43457377985362e-06	1.43457377985362e-06	NA	2.64844390126822e-06	NA	NA	2.53809207204871e-06	NA	2.20703658439018e-06	NA	1.2138701214146e-06	NA	NA	1.64424225537069e-05	1.90908664549751e-05	NA	NA	NA	NA	1.32422195063411e-06	1.87598109673165e-06	3.53125853502429e-06	3.20020304736576e-06	NA	NA	2.4277402428292e-06	1.2138701214146e-06	2.09668475517067e-06	NA	1.76562926751215e-06	NA	1.43457377985362e-06	3.20020304736576e-06	NA	NA	NA	NA	NA	NA	NA	2.4277402428292e-06	1.65527743829264e-06	1.32422195063411e-06	NA	NA	NA	1.87598109673165e-06	8.05568353302416e-06	2.75879573048773e-06	1.2138701214146e-06	NA	NA	NA	1.2138701214146e-06	NA	NA	1.32422195063411e-06	NA	1.87598109673165e-06	NA	1.87598109673165e-06	NA	1.2138701214146e-06	NA	NA	1.76562926751215e-06	NA	NA	6.17970243629251e-06	NA	1.76562926751215e-06	1.32422195063411e-06	NA	1.10351829219509e-06	1.10351829219509e-06	9.93166462975582e-06	2.20703658439018e-06	NA	NA	NA	NA	NA	1.54492560907313e-06	1.10351829219509e-06	NA	2.64844390126822e-06	NA	NA	NA	NA	NA	NA	NA	NA	NA	1.43457377985362e-06	NA	4.74512865643889e-06	1.10351829219509e-06	NA	NA	NA	NA	NA	NA	NA	NA	NA	NA	NA	NA	1.43457377985362e-06	2.20703658439018e-06	NA	NA	1.87598109673165e-06	NA	NA	NA	NA	NA	NA	1.2138701214146e-06	1.10351829219509e-06	NA	NA	2.53809207204871e-06	NA	1.43457377985362e-06	NA	1.54492560907313e-06	NA	NA	NA	NA	3.31055487658527e-06	3.20020304736576e-06	2.75879573048773e-06	NA	1.32422195063411e-06	1.2138701214146e-06	NA	NA	NA	NA	NA	1.65527743829264e-06	NA	NA	1.32422195063411e-06	NA	1.76562926751215e-06	NA	NA	2.86914755970724e-06	2.75879573048773e-06	1.32422195063411e-06	5.62794329019496e-06	1.43457377985362e-06	1.10351829219509e-06	1.98633292595116e-06	1.54492560907313e-06	7.2832207284876e-06	NA	NA	NA	NA	4.74512865643889e-06	NA	1.87598109673165e-06	NA	2.53809207204871e-06	6.84181341160956e-06	NA	NA	1.54492560907313e-06	3.42090670580478e-06	NA	3.86231402268282e-06	1.2138701214146e-06	NA	1.2138701214146e-06	1.43457377985362e-06	1.54492560907313e-06	3.20020304736576e-06	1.43457377985362e-06	NA	NA	NA	NA	NA	NA	1.10351829219509e-06	NA	1.32422195063411e-06	NA	NA	1.54492560907313e-06	1.98633292595116e-06	NA	2.20703658439018e-06	7.17286889926809e-06	NA	NA	NA	NA	NA	NA	1.98633292595116e-06	NA	NA	2.64844390126822e-06	NA	NA	NA	2.09668475517067e-06	1.2138701214146e-06	NA	NA	NA	NA	NA	NA	NA	NA	NA	NA	1.10351829219509e-06	NA	NA	NA	1.43457377985362e-06	NA	NA	NA	NA	NA	NA	2.09668475517067e-06	NA	1.32422195063411e-06	1.43457377985362e-06	NA	NA	NA	NA	NA	NA	NA	NA	1.98633292595116e-06	NA	NA	NA	NA	NA	NA	NA	NA	NA	NA	NA	NA	NA	NA	1.43457377985362e-06	NA	NA	NA	1.10351829219509e-06	NA	1.65527743829264e-06	NA	1.98633292595116e-06	NA	NA	1.10351829219509e-06	1.2138701214146e-06	NA	2.4277402428292e-06	8.71779450834122e-06	1.87598109673165e-06	2.31738841360969e-06	NA	NA	NA	NA	1.43457377985362e-06	NA	NA	NA	NA	NA	NA	NA	NA	1.54492560907313e-06	NA	NA	NA	2.4277402428292e-06	NA	1.10351829219509e-06	NA	NA	NA	NA	NA	NA	1.10351829219509e-06	NA	1.65527743829264e-06	NA	NA	NA	1.87598109673165e-06	NA	1.32422195063411e-06	NA	NA	NA	NA	NA	NA	NA	NA	NA	NA	NA	NA	NA	NA	NA	NA	NA	NA	NA	NA	NA	NA	NA	1.43457377985362e-06	NA	NA	NA	1.54492560907313e-06	NA	NA	NA	NA	NA	NA	NA	NA	NA	NA	NA	1.87598109673165e-06	1.54492560907313e-06	3.42090670580478e-06	NA	NA	NA	NA	NA	2.64844390126822e-06	NA	NA	NA	NA	NA	2.09668475517067e-06	NA	NA	NA	1.76562926751215e-06	1.32422195063411e-06	8.27638719146318e-06	3.42090670580478e-06	NA	NA	NA	NA	2.96846420600479e-05	6.51075792395104e-05	NA	NA	NA	NA	NA	NA	NA	1.32422195063411e-06	NA	NA	NA	NA	3.20020304736576e-06	NA	NA	NA	1.10351829219509e-06	NA	NA	NA	NA	NA	NA	NA	NA	1.54492560907313e-06	NA	NA	NA	2.09668475517067e-06	1.10351829219509e-06	NA	NA	NA	NA	NA	NA	2.86914755970724e-06	1.2138701214146e-06	NA	NA	NA	3.31055487658527e-06	NA	1.10351829219509e-06	NA	NA	7.61427621614613e-06	NA	NA	NA	NA	NA	4.41407316878036e-06	NA	NA	NA	NA	1.65527743829264e-06	NA	NA	NA	NA	NA	NA	NA	1.98633292595116e-06	7.06251707004858e-06	NA	NA	NA	NA	1.54492560907313e-06	1.10351829219509e-06	NA	1.65527743829264e-06	1.76562926751215e-06	NA	NA	NA	NA	9.26955365443876e-06	NA	1.2138701214146e-06	NA	NA	NA	NA	NA	NA	NA	NA	NA	NA	NA	NA	NA	NA	NA	NA	6.32315981427787e-05	9.04884999599975e-06	NA	1.43457377985362e-06	NA	NA	NA	NA	NA	NA	3.08985121814625e-06	2.86914755970724e-06	NA	NA	1.2138701214146e-06	NA	NA	NA	NA	1.76562926751215e-06	NA	NA	NA	NA	NA	NA	NA	NA	NA	NA	NA	3.42090670580478e-05	NA	2.53809207204871e-05	NA	NA	3.04571048645845e-05	2.83604201094138e-05	NA	4.50235463215597e-05	1.43457377985362e-06	1.2138701214146e-06	NA	NA	NA	NA	NA	NA	NA	NA	NA	NA	NA	NA	NA	NA	NA	NA	NA	NA	NA	1.98633292595116e-06	2.09668475517067e-06	NA	NA	NA	NA	NA	1.43457377985362e-06	NA	NA	NA	NA	NA	NA	NA	NA	1.57803115783898e-05	NA	NA	NA	NA	NA	NA	NA	NA	NA	NA	NA	NA	NA	NA	NA	NA	NA	NA	NA	NA	NA	NA	6.17970243629251e-06	NA	NA	1.32422195063411e-06	NA	NA	NA	NA	NA	NA	NA	NA	2.20703658439018e-06	NA	NA	NA	NA	2.53809207204871e-06	NA	NA	NA	NA	NA	NA	NA	NA	NA	NA	NA	NA	NA	NA	NA	NA	NA	NA	NA	NA	NA	NA	NA	NA	NA	NA	NA	NA	NA	NA	NA	NA	NA	NA	NA	NA	NA	NA	NA	NA	NA	NA	NA	NA	7.72462804536564e-06	NA	NA	NA	NA	NA	NA	NA	NA	1.2138701214146e-06	NA	NA	NA	1.2138701214146e-06	NA	NA	1.01523682881948e-05	1.2138701214146e-06	NA	2.09668475517067e-06	NA	NA	1.2138701214146e-06	2.31738841360969e-06	NA	NA	NA	NA	NA	NA	NA	NA	NA	NA	NA	1.2138701214146e-06	NA	NA	NA	NA	NA	NA	NA	NA	1.54492560907313e-06	NA	NA	NA	1.2138701214146e-06	NA	NA	NA	NA	NA	NA	NA	NA	NA	NA	NA	NA	NA	NA	NA	NA	NA	NA	NA	NA	NA	NA	NA	NA	NA	NA	NA	NA	NA	NA	NA	NA	NA	1.2138701214146e-06	NA	NA	NA	NA	NA	NA	NA	NA	NA	NA	NA	NA	NA	NA	NA	NA	NA	6.069350607073e-06	NA	NA	NA	NA	1.01523682881948e-05	8.60744267912171e-06	6.51075792395104e-06	1.43457377985362e-06	1.76562926751215e-06	4.19336951034135e-06	1.10351829219509e-06	3.08985121814625e-06	NA	NA	NA	NA	NA	NA	NA	NA	NA	NA	NA	NA	NA	NA	NA	NA	NA	NA	NA	NA	NA	NA	NA	NA	NA	NA	NA	NA	NA	NA	NA	NA	NA	NA	NA	NA	NA	NA	NA	NA	NA	NA	NA	NA	NA	NA	NA	NA	NA	NA	NA	NA	NA	NA	NA	NA	NA	NA	NA	NA	NA	NA	NA	NA	NA	NA	NA	NA	NA	NA	NA	NA	NA	NA	NA	NA	NA	NA	NA	NA	NA	NA	NA	NA	NA	NA	NA	NA	NA	NA	NA	NA	NA	NA	NA	NA	NA	NA	NA	NA	NA	NA	NA	NA	NA	NA	NA	NA	NA	NA	NA	NA	NA	NA	NA	NA	NA	NA	NA	NA	NA	NA	NA	NA	NA	NA	NA	NA	NA	NA	NA	NA	NA	NA	NA	NA	NA	NA	NA	NA	NA	NA	NA	NA	NA	NA	NA	NA	NA	NA	NA	NA	NA	NA	NA	NA	NA	NA	NA	NA	NA	NA	NA	NA	NA	NA	NA	NA	NA	NA	NA	NA	NA	NA	NA	NA	NA	NA	NA	NA	NA	NA	NA	NA	NA	NA	NA	NA	NA	NA	NA	NA	NA	NA	NA	NA	NA	NA	NA	NA	NA	NA	NA	NA	NA	NA	NA	NA	NA	NA	NA	NA	NA	NA	NA	NA	NA	NA	NA	NA	NA	NA	NA	NA	NA	NA	NA	NA	NA	NA	NA	NA	NA	NA	NA	NA	NA	NA	NA	NA	NA	NA	NA	NA	NA	NA	NA	NA	NA	NA	NA	NA	NA	NA	NA	NA	NA	NA	NA	NA	NA	NA	NA	NA	NA	NA	NA	NA	NA	NA	NA	NA	NA	NA	NA	NA	NA	NA	NA	NA	NA	NA	NA	NA	NA	NA	NA	NA	NA	NA	NA	NA	NA	NA	NA	NA	NA	NA	NA	NA	NA	NA	NA	NA	NA	NA	NA	NA	NA	NA	NA	NA	NA	NA	NA	NA	NA	NA	NA	NA	NA	NA	NA	NA	NA	NA	NA	NA	NA	NA	NA	NA	NA	NA	NA	NA	NA	NA	NA	NA	NA	NA	NA	NA	NA	NA	NA	NA	NA	NA	NA	NA	NA	NA	NA	NA	NA	NA
SLC_SMT_NEG_110J	0.00069758574334607	0.0249104948822514	0.193173497296482	NA	NA	1.11613718935371e-05	2.72545127632883e-06	0.0141811719077095	0.231781461376592	0.0153786832851707	0.200734158703807	3.04990976160607e-05	0.00786357584917924	2.77736463397319e-05	0.0108236755020606	3.11480145866152e-05	NA	0.0275249813566154	0.00951532910602862	0.000100841697224167	2.46588448810704e-06	1.42761733521986e-06	NA	1.55740072933076e-06	0.000110705235176595	0.00759375617282268	0.00554071266138241	0.00071640433549215	0.000312388629624929	4.5294404544703e-05	3.7766967686271e-05	6.08684118380106e-05	3.71180507157165e-05	2.5177978457514e-05	0.00822268650068409	0.00153144405050858	0.00184928358268617	0.00148368376147577	0.000715236284945152	7.48850184019875e-05	9.08483758776278e-06	1.34974729875333e-05	1.90781589343018e-05	2.1414260028298e-05	1.11613718935371e-05	4.28285200565959e-06	6.22960291732305e-06	0.00149263881566942	3.49117330158312e-05	1.57037906874185e-05	0.00141126462756189	9.75971123713944e-05	2.47886282751813e-05	0.00112444332657681	2.20631769988525e-06	2.98501806455063e-06	8.0465704348756e-06	5.58068594676856e-06	0.000921202531399145	3.37436824688332e-05	5.84025273499036e-06	4.0232852174378e-06	0.000167290795008946	1.41463899580878e-05	1.14209386817589e-05	2.98501806455063e-06	4.67220218799229e-06	2.85523467043973e-06	2.46588448810704e-06	1.42761733521986e-06	1.55740072933076e-06	NA	NA	1.81696751755256e-06	1.29783394110897e-06	4.9058122973919e-05	2.07653430577435e-06	NA	NA	2.07653430577435e-06	NA	0.00857089534708362	0.0127440803847195	0.000108758484264932	7.24191339138804e-05	7.73509028900945e-05	2.3880144516405e-05	8.37102892015284e-05	0.000107720217112044	2.41397113046268e-05	1.41463899580878e-05	1.46655235345313e-05	5.89216609263471e-05	1.37570397757551e-05	2.3880144516405e-05	1.16805054699807e-05	3.37436824688332e-06	6.74873649376663e-06	3.76371842921601e-06	2.07653430577435e-06	1.42761733521986e-06	1.42761733521986e-06	3.24458485277242e-06	NA	2.72545127632883e-06	1.29783394110897e-06	0.0181059515290171	0.00745787295918857	0.00183409892557519	0.0027678904462031	0.0022784772670109	0.000192209206678238	0.000567802349235174	0.000504597836303167	0.000451386644717699	0.000160931408697512	0.000212844766341871	9.18866430305149e-05	0.000133676895934224	4.55539713329248e-05	3.84158846568255e-05	2.37503611222941e-05	2.31014441517396e-05	2.50481950634031e-05	6.74873649376663e-06	1.09018051053153e-05	1.16805054699807e-05	1.11613718935371e-05	1.70016246285275e-05	1.03826715288717e-05	5.71046934087946e-06	1.67420578403057e-05	3.37436824688332e-06	4.54241879388139e-06	2.20631769988525e-06	3.8935018233269e-06	1.68718412344166e-06	1.81696751755256e-06	1.94675091166345e-06	0.0165878751681019	0.0356073720082656	0.000817894949686872	0.0052119713240995	0.00174091444860357	0.000453333395629362	0.000923019498916698	0.000369752889821945	0.00028656173419686	0.000551449641577201	0.000282278882191201	2.68651625809556e-05	6.96936826375516e-05	7.76104696783163e-05	3.85456680509363e-05	3.24458485277242e-05	3.75074008980492e-05	4.81496392151427e-05	2.32312275458505e-05	1.66122744461948e-05	2.06355596636326e-05	1.41463899580878e-05	1.67420578403057e-05	9.60397116420636e-06	1.14209386817589e-05	8.82527079954098e-06	1.66122744461948e-05	1.34974729875333e-05	7.39765346432112e-06	2.86821300985082e-05	8.3061372230974e-06	1.51846571109749e-05	1.19400722582025e-05	1.47953069286422e-05	2.03759928754108e-05	4.67220218799229e-06	1.11613718935371e-05	7.39765346432112e-06	5.71046934087946e-06	3.8935018233269e-06	1.01231047406499e-05	2.46588448810704e-06	5.32111915854677e-06	4.41263539977049e-06	4.0232852174378e-06	6.35938631143394e-06	2.07653430577435e-06	7.00830328198843e-06	5.97003612910125e-06	5.32111915854677e-06	9.60397116420636e-06	3.63393503510511e-06	7.00830328198843e-06	2.59566788221794e-06	NA	NA	NA	0.0125229294811545	0.00510425110698746	0.00177738358234873	0.00771484407952815	0.0019223516335706	0.00281889532008868	0.0037731926169861	0.000341330326511659	8.98101087247406e-05	8.7993141207188e-05	0.000348338629793647	0.000153274188444969	7.11212999727714e-05	6.63193143906683e-05	5.788339377346e-05	6.82660653023317e-05	0.000108239350688488	0.000117843321852694	3.82861012627146e-05	3.07586644042825e-05	3.08884477983934e-05	8.74740076307444e-05	4.2698736662485e-05	2.88119134926191e-05	3.85456680509363e-05	1.90781589343018e-05	2.11546932400762e-05	3.76371842921601e-05	2.56971120339576e-05	1.45357401404204e-05	1.881859214608e-05	1.53144405050858e-05	1.81696751755256e-05	1.89483755401909e-05	2.12844766341871e-05	1.70016246285275e-05	1.72611914167493e-05	9.47418777009547e-06	2.41397113046268e-05	2.15440434224089e-05	8.1763538289865e-06	1.85590253578582e-05	1.1291155287648e-05	7.00830328198843e-06	6.74873649376663e-06	1.64824910520839e-05	4.1530686115487e-06	1.1291155287648e-05	6.48916970554484e-06	7.00830328198843e-06	1.29783394110897e-05	6.35938631143394e-06	4.67220218799229e-06	1.18102888640916e-05	4.28285200565959e-06	3.8935018233269e-06	4.0232852174378e-06	5.45090255265767e-06	2.85523467043973e-06	6.61895309965574e-06	4.93176897621408e-06	2.07653430577435e-06	7.00830328198843e-06	2.20631769988525e-06	2.20631769988525e-06	2.98501806455063e-06	1.81696751755256e-06	4.28285200565959e-06	2.46588448810704e-06	0.0243933080567195	0.00122645307434797	0.000658650725112801	0.000520431410384696	0.000239580145528715	0.000354178882528637	9.50014444891765e-05	6.19066789908978e-05	8.00763541664233e-05	4.85389893974754e-05	2.49184116692922e-05	9.60397116420636e-06	7.13808667609932e-06	1.02528881347608e-05	9.34440437598457e-06	6.09981952321215e-06	0.0069556112239794	0.0077964778344239	0.00105137527569237	0.000711083216333604	0.000318099098965808	0.000206874730212769	0.000187407221096135	3.49117330158312e-05	1.6352707657973e-05	3.68584839274947e-05	1.79101083873038e-05	1.10315884994262e-05	8.95505419365188e-06	1.57037906874185e-05	2.33610109399614e-06	NA	3.50415164099421e-06	NA	3.11480145866152e-06	0.000458265164605577	3.6469133745162e-05	0.000374425092009937	3.29649821041678e-05	2.3880144516405e-05	3.50415164099421e-06	4.1530686115487e-06	2.07653430577435e-06	1.68718412344166e-06	2.46588448810704e-06	0.000110705235176595	7.20297837315477e-05	2.03759928754108e-05	3.73776175039383e-05	0.000115247653970476	4.54241879388139e-06	2.33610109399614e-06	1.94675091166345e-06	0.000100452347041834	4.50348377564812e-05	2.79034297338428e-05	3.76371842921601e-06	6.09981952321215e-05	3.06288810101716e-05	6.87851988787753e-06	5.71046934087946e-06	3.11480145866152e-06	1.68718412344166e-06	2.72545127632883e-06	0.000192987907042904	0.000132508845387226	0.00012731750962279	5.24324912208023e-05	2.60864622162903e-05	1.80398917814147e-05	6.48916970554484e-06	9.34440437598457e-06	1.81696751755256e-06	8.3061372230974e-06	4.67220218799229e-06	5.06155237032497e-06	4.93176897621408e-06	NA	4.41263539977049e-06	2.16738268165198e-05	1.89483755401909e-05	6.22960291732305e-06	4.41263539977049e-06	3.8935018233269e-06	2.98501806455063e-06	1.81696751755256e-06	NA	2.98501806455063e-06	5.06155237032497e-05	5.97003612910125e-05	2.49184116692922e-05	2.46588448810704e-06	NA	4.28285200565959e-06	2.37503611222941e-05	2.33610109399614e-06	2.86821300985082e-05	4.28285200565959e-06	4.28285200565959e-06	4.0232852174378e-06	5.71046934087946e-06	1.01231047406499e-05	1.05124549229826e-05	7.9167870407647e-05	2.85523467043973e-06	8.3061372230974e-06	2.59566788221794e-06	1.46655235345313e-05	5.45090255265767e-06	9.60397116420636e-06	4.51646211505921e-05	1.97270759048563e-05	1.11613718935371e-05	5.45090255265767e-05	3.50415164099421e-06	4.93176897621408e-06	3.11480145866152e-06	1.40166065639769e-05	2.41397113046268e-05	2.07653430577435e-06	5.4119675344244e-05	6.48916970554484e-06	NA	NA	2.59566788221794e-06	3.73776175039383e-05	4.46454875741485e-05	2.72545127632883e-06	6.74873649376663e-06	2.46588448810704e-06	NA	NA	1.20698556523134e-05	6.61895309965574e-06	2.59566788221794e-06	0.000417902529037088	0.00102048682789398	0.000150418953774529	3.90648016273799e-05	9.47418777009547e-06	1.77803249931929e-05	2.85523467043973e-06	4.67220218799229e-06	1.81696751755256e-06	NA	3.24458485277242e-06	0.000274362095150436	5.0355956915028e-05	4.1530686115487e-06	NA	2.72545127632883e-06	0.000491749280286188	2.41397113046268e-05	1.32379061993115e-05	1.68718412344166e-06	3.99732853861562e-05	NA	0.00154208628882568	1.27187726228679e-05	4.54241879388139e-06	1.94675091166345e-06	4.1530686115487e-06	1.11613718935371e-05	3.8935018233269e-06	NA	1.6352707657973e-05	1.09018051053153e-05	NA	3.76371842921601e-06	0.000188705055037244	2.97203972513954e-05	1.20698556523134e-05	NA	NA	NA	NA	2.40099279105159e-05	2.85523467043973e-06	1.55740072933076e-06	7.07319497904388e-05	5.06155237032497e-06	2.27120939694069e-05	NA	0.000117973105246805	0.000142242599945543	0.000646580869460488	8.69548740543009e-06	6.32045129320067e-05	7.4236101431433e-05	8.82527079954098e-06	1.41463899580878e-05	2.98501806455063e-05	7.26787007021022e-06	0.000948457044162434	0.00030538032634294	1.2588989228757e-05	6.35938631143394e-06	3.37436824688332e-06	2.72545127632883e-06	2.33610109399614e-06	1.94675091166345e-06	2.98501806455063e-06	3.55606499863857e-05	0.00104164152113406	0.000461769316246571	0.00036754657212206	0.000132898195569558	3.46521662276094e-05	2.94608304631736e-05	1.49250903227531e-05	8.34507224133066e-05	1.09018051053153e-05	5.45090255265767e-06	1.47953069286422e-05	3.8935018233269e-06	2.46588448810704e-06	0.000330558304800454	4.80198558210318e-06	2.33610109399614e-06	6.21662457791196e-05	1.81696751755256e-06	3.99732853861562e-05	NA	NA	3.76371842921601e-06	NA	4.67220218799229e-06	NA	NA	4.41263539977049e-06	NA	NA	1.44059567463095e-05	0.000109277617841375	0.000482404875910203	5.32111915854677e-06	3.11480145866152e-06	4.28285200565959e-06	NA	NA	3.99732853861562e-05	1.3886823169866e-05	3.11480145866152e-06	2.97203972513954e-05	NA	NA	4.01030687802671e-05	1.42761733521986e-05	1.19400722582025e-05	3.37436824688332e-06	1.99866426930781e-05	1.93377257225236e-05	1.81696751755256e-06	1.55740072933076e-06	3.63393503510511e-06	3.11480145866152e-06	3.37436824688332e-06	1.42761733521986e-06	1.68718412344166e-06	3.8935018233269e-06	2.07653430577435e-06	1.68718412344166e-06	2.07653430577435e-06	NA	1.68718412344166e-06	NA	NA	NA	NA	NA	0.000282278882191201	1.42761733521986e-06	2.98501806455063e-06	2.72545127632883e-06	2.46588448810704e-06	1.68718412344166e-06	8.9290975148297e-05	4.28285200565959e-05	7.39765346432112e-06	NA	2.31014441517396e-05	3.11480145866152e-06	NA	1.19400722582025e-05	8.43592061720829e-06	1.55740072933076e-06	2.33610109399614e-06	NA	8.82527079954098e-06	4.80198558210318e-06	NA	3.11480145866152e-06	1.42761733521986e-06	1.81696751755256e-06	NA	1.55740072933076e-06	6.35938631143394e-06	1.29783394110897e-06	NA	NA	NA	NA	NA	NA	NA	NA	NA	0.000198957943172005	1.93377257225236e-05	4.28285200565959e-06	1.42761733521986e-06	1.77803249931929e-05	4.42561373918158e-05	3.78967510803819e-05	3.24458485277242e-06	2.07653430577435e-06	2.59566788221794e-06	NA	4.93176897621408e-06	NA	NA	2.07653430577435e-06	NA	6.35938631143394e-06	NA	NA	NA	NA	NA	NA	NA	2.07653430577435e-06	3.11480145866152e-06	4.25689532683741e-05	NA	NA	0.000307846210831047	6.35938631143394e-06	5.64557764382401e-05	1.42761733521986e-06	2.07653430577435e-06	3.24458485277242e-06	NA	1.42761733521986e-06	2.72545127632883e-06	1.68718412344166e-06	NA	1.06422383170935e-05	2.33610109399614e-06	3.37436824688332e-06	2.72545127632883e-06	NA	NA	NA	NA	NA	NA	NA	NA	7.11212999727714e-05	5.25622746149132e-05	2.33610109399614e-06	NA	7.52743685843201e-06	9.78566791596162e-05	1.42761733521986e-06	1.27187726228679e-05	8.95505419365188e-06	5.97003612910125e-06	2.98501806455063e-06	3.8935018233269e-06	2.72545127632883e-06	3.11480145866152e-06	2.98501806455063e-06	5.32111915854677e-06	1.94675091166345e-05	2.72545127632883e-06	4.0232852174378e-06	NA	NA	NA	1.20698556523134e-05	NA	NA	NA	5.97003612910125e-06	NA	NA	5.19133576443587e-06	1.28485560169788e-05	NA	NA	NA	NA	8.82527079954098e-06	6.09981952321215e-06	7.91678704076471e-06	4.28285200565959e-06	3.24458485277242e-06	NA	NA	0.000164435560338506	3.8935018233269e-06	3.76371842921601e-06	5.58068594676856e-06	3.37436824688332e-06	NA	1.55740072933076e-06	NA	NA	1.94675091166345e-06	1.55740072933076e-06	NA	1.68718412344166e-06	NA	2.85523467043973e-06	1.47953069286422e-05	3.76371842921601e-06	2.85523467043973e-06	NA	NA	NA	8.25422386545304e-05	2.46588448810704e-06	1.68718412344166e-06	NA	3.25756319218351e-05	NA	NA	5.13942240679151e-05	3.50415164099421e-06	NA	1.81696751755256e-06	1.5054873716864e-05	7.52743685843201e-06	5.06155237032497e-06	NA	2.43992780928486e-05	4.41263539977049e-06	1.29783394110897e-06	4.41263539977049e-06	NA	NA	1.14209386817589e-05	1.42761733521986e-06	2.85523467043973e-06	NA	1.42761733521986e-06	2.07653430577435e-06	NA	9.47418777009547e-06	NA	1.73909748108602e-05	NA	NA	1.42761733521986e-05	3.37436824688332e-06	1.29783394110897e-06	3.50415164099421e-06	8.1763538289865e-06	NA	3.24458485277242e-06	NA	2.72545127632883e-06	2.72545127632883e-06	NA	1.55740072933076e-06	NA	1.29783394110897e-06	NA	NA	NA	NA	NA	NA	NA	3.37436824688332e-06	1.55740072933076e-06	2.98501806455063e-06	3.50415164099421e-05	3.63393503510511e-05	2.85523467043973e-06	0.000144448917645428	3.17969315571697e-05	2.98501806455063e-05	1.81696751755256e-05	9.73375455831726e-06	4.07519857508216e-05	2.59566788221794e-06	8.43592061720829e-06	2.07653430577435e-06	NA	2.98501806455063e-06	NA	NA	NA	1.55740072933076e-06	NA	NA	NA	NA	NA	NA	NA	1.94675091166345e-06	NA	NA	NA	NA	5.84025273499036e-06	2.19333936047416e-05	1.27187726228679e-05	6.09981952321215e-06	5.19133576443587e-06	NA	5.84025273499036e-06	3.11480145866152e-06	NA	5.06155237032497e-06	8.69548740543009e-06	NA	1.94675091166345e-06	3.8935018233269e-06	1.81696751755256e-06	NA	NA	NA	NA	NA	NA	NA	1.42761733521986e-06	1.42761733521986e-06	NA	2.33610109399614e-06	NA	NA	2.2582310575296e-05	NA	NA	NA	NA	NA	3.0239530827839e-05	4.47752709682594e-05	6.74873649376663e-06	2.98501806455063e-06	7.1640433549215e-05	4.29583034507068e-05	4.1530686115487e-06	NA	1.81696751755256e-06	4.54241879388139e-06	7.78700364665381e-06	1.45357401404204e-05	NA	2.72545127632883e-06	1.31081228052006e-05	NA	2.07653430577435e-06	6.61895309965574e-06	5.19133576443587e-06	2.33610109399614e-06	NA	NA	NA	2.59566788221794e-06	NA	1.55740072933076e-06	NA	NA	NA	1.55740072933076e-06	NA	NA	NA	NA	NA	NA	4.04924189625998e-05	9.21462098187367e-06	1.27187726228679e-05	2.90714802808409e-05	8.43592061720829e-06	NA	1.03826715288717e-05	5.16537908561369e-05	3.50415164099421e-06	1.81696751755256e-06	3.8935018233269e-06	1.81696751755256e-06	NA	2.46588448810704e-06	NA	NA	NA	NA	NA	NA	NA	2.2582310575296e-05	3.50415164099421e-06	NA	1.51846571109749e-05	2.85523467043973e-06	4.1530686115487e-06	1.55740072933076e-06	NA	NA	1.29783394110897e-06	NA	0.000121996390464243	4.41263539977049e-06	8.56570401131919e-06	5.19133576443587e-06	NA	NA	NA	1.11613718935371e-05	NA	NA	NA	1.68718412344166e-06	1.94675091166345e-06	6.38534299025612e-05	5.85323107440145e-05	8.0465704348756e-06	7.5404151978431e-05	5.08750904914715e-05	4.63326716975902e-05	1.66122744461948e-05	2.20631769988525e-06	2.07653430577435e-06	1.29783394110897e-06	4.1530686115487e-06	NA	2.23227437870742e-05	NA	NA	2.07653430577435e-06	NA	NA	NA	NA	NA	NA	2.02462094812999e-05	4.0232852174378e-06	1.19400722582025e-05	1.29783394110897e-06	0.000118102888640916	2.20631769988525e-06	NA	0.000240748196075714	NA	4.41263539977049e-06	2.59566788221794e-06	3.37436824688332e-06	8.0465704348756e-06	2.10249098459653e-05	NA	5.45090255265767e-06	NA	NA	4.80198558210318e-06	9.99332134653905e-06	3.8935018233269e-06	NA	NA	9.60397116420636e-06	3.50415164099421e-06	3.37436824688332e-06	NA	2.46588448810704e-06	0.000222708304294299	NA	0.000104345848865161	NA	1.29783394110897e-06	NA	3.03693142219499e-05	NA	9.6818412006729e-05	4.54241879388139e-05	1.01231047406499e-05	1.42761733521986e-06	NA	2.20631769988525e-06	NA	0.000204798195906995	1.55740072933076e-06	NA	NA	4.80198558210318e-06	NA	NA	1.42761733521986e-06	2.75140795515101e-05	4.41263539977049e-06	3.8935018233269e-06	NA	NA	9.34440437598457e-06	NA	1.81696751755256e-06	NA	1.42761733521986e-06	2.20631769988525e-06	NA	3.56904333804966e-05	2.85523467043973e-06	NA	4.1530686115487e-06	1.68718412344166e-06	NA	NA	7.65722025254291e-05	2.18036102106307e-05	0.00192196228338827	0.0046271673502358	NA	6.87851988787753e-06	1.01231047406499e-05	NA	8.0465704348756e-06	1.14209386817589e-05	NA	NA	NA	5.71046934087946e-06	5.94407945027907e-05	6.35938631143394e-05	4.68518052740337e-05	4.93176897621408e-06	1.70016246285275e-05	1.85590253578582e-05	3.43925994393877e-05	2.15440434224089e-05	2.19333936047416e-05	4.41263539977049e-06	1.55740072933076e-06	NA	1.62229242638621e-05	NA	NA	1.53144405050858e-05	NA	3.76371842921601e-06	2.59566788221794e-06	NA	4.0232852174378e-06	1.68718412344166e-06	NA	1.94675091166345e-06	1.81696751755256e-06	NA	3.24458485277242e-06	NA	NA	NA	NA	NA	NA	NA	NA	8.3061372230974e-06	1.99866426930781e-05	NA	2.59566788221794e-06	NA	NA	NA	NA	NA	NA	NA	NA	1.68718412344166e-06	NA	2.20631769988525e-06	1.29783394110897e-06	NA	1.94675091166345e-06	1.68718412344166e-06	NA	NA	NA	NA	2.46588448810704e-06	1.68718412344166e-06	1.42761733521986e-06	1.81696751755256e-06	2.20631769988525e-06	NA	NA	1.55740072933076e-06	NA	1.68718412344166e-06	2.46588448810704e-06	NA	NA	2.07653430577435e-06	NA	1.29783394110897e-06	NA	1.55740072933076e-06	NA	1.68718412344166e-06	3.54308665922748e-05	NA	1.68718412344166e-06	NA	NA	NA	NA	NA	2.72545127632883e-06	1.68718412344166e-06	NA	NA	1.55740072933076e-06	NA	NA	NA	1.94675091166345e-06	NA	NA	1.42761733521986e-06	NA	NA	NA	NA	NA	NA	NA	2.59566788221794e-06	1.68718412344166e-06	1.55740072933076e-06	NA	NA	NA	NA	1.94675091166345e-06	NA	NA	NA	NA	NA	NA	NA	NA	NA	NA	NA	NA	NA	NA	NA	NA	NA	NA	NA	NA	2.20631769988525e-06	NA	NA	NA	NA	NA	NA	NA	1.42761733521986e-06	NA	NA	NA	NA	NA	NA	NA	NA	NA	NA	NA	NA	NA	NA	NA	NA	NA	NA	NA	NA	NA	NA	NA	NA	NA	NA	NA	NA	NA	NA	NA	NA	NA	NA	2.85523467043973e-06	NA	NA	NA	NA	NA	NA	NA	NA	NA	NA	NA	NA	NA	NA	1.68718412344166e-06	NA	NA	NA	NA	NA	NA	NA	NA	NA	1.42761733521986e-06	NA	NA	NA	NA	NA	NA	NA	NA	NA	NA	NA	NA	NA	NA	NA	NA	NA	1.29783394110897e-06	NA	NA	1.68718412344166e-06	NA	NA	NA	NA	1.68718412344166e-06	NA	NA	NA	NA	2.07653430577435e-06	NA	NA	NA	NA	NA	NA	NA	NA	1.55740072933076e-06	1.42761733521986e-06	NA	NA	NA	NA	NA	NA	NA	NA	NA	NA	NA	NA	NA	NA	NA	NA	NA	NA	NA	NA	NA	NA	1.55740072933076e-06	NA	NA	NA	NA	NA	NA	NA	NA	NA	NA	2.85523467043973e-06	NA	NA	NA	NA	NA	NA	NA	NA	NA	NA	NA	NA	NA	NA	NA	NA	NA	NA	NA	1.55740072933076e-06	NA	NA	NA	NA	NA	NA	NA	NA	NA	NA	NA	NA	NA	NA	NA	NA	NA	NA	NA	NA	NA	NA	NA	NA	NA	NA	NA	NA	NA	NA	NA	NA	NA	NA	NA	NA	NA	NA	NA	NA	NA	NA	NA	NA	NA	NA	NA	NA	NA	NA	NA	NA	NA	NA	NA	NA	NA	NA	NA	NA	NA	NA	NA	NA	1.94675091166345e-06	NA	NA	NA	1.42761733521986e-06	NA	NA	NA	NA	NA	NA	NA	NA	NA	NA	NA	NA	NA	NA	NA	NA	NA	NA	NA	NA	NA	NA	NA	NA	NA	NA	NA	NA	NA	NA	NA	NA	NA	NA	NA	NA	NA	NA	NA	NA	NA	NA	NA	NA	1.42761733521986e-06	NA	NA	NA	NA	NA	NA	NA	NA	NA	NA	NA	2.72545127632883e-06	1.42761733521986e-06	NA	NA	NA	NA	NA	NA	2.20631769988525e-06	NA	NA	NA	NA	NA	1.29783394110897e-06	NA	NA	NA	1.94675091166345e-06	2.33610109399614e-06	5.97003612910125e-06	1.81696751755256e-06	NA	NA	NA	NA	2.03759928754108e-05	4.80198558210318e-06	NA	NA	NA	NA	NA	NA	NA	NA	NA	NA	NA	NA	NA	NA	NA	NA	NA	NA	NA	NA	NA	NA	NA	NA	NA	NA	NA	NA	NA	NA	NA	NA	NA	NA	NA	1.29783394110897e-06	NA	2.72545127632883e-06	NA	NA	NA	NA	NA	NA	NA	NA	NA	NA	NA	NA	NA	NA	NA	NA	NA	NA	NA	NA	NA	NA	NA	NA	NA	NA	NA	NA	NA	NA	NA	NA	NA	NA	NA	NA	NA	1.42761733521986e-06	1.29783394110897e-06	NA	NA	NA	NA	6.35938631143394e-06	NA	NA	NA	NA	NA	NA	NA	NA	NA	NA	NA	NA	NA	1.94675091166345e-06	NA	NA	NA	NA	4.1530686115487e-06	3.50415164099421e-06	NA	NA	NA	NA	NA	NA	NA	NA	1.94675091166345e-06	3.50415164099421e-06	NA	NA	NA	NA	NA	NA	NA	NA	NA	NA	NA	NA	NA	NA	NA	NA	NA	NA	NA	1.55740072933076e-06	NA	1.81696751755256e-06	NA	NA	NA	1.55740072933076e-06	NA	3.11480145866152e-06	NA	NA	NA	NA	NA	NA	NA	NA	NA	NA	NA	NA	NA	NA	NA	NA	NA	NA	NA	NA	NA	NA	NA	NA	NA	NA	NA	NA	NA	NA	NA	NA	NA	NA	NA	NA	NA	NA	NA	NA	NA	NA	NA	NA	NA	NA	NA	NA	NA	NA	NA	NA	NA	NA	NA	NA	NA	NA	NA	NA	NA	NA	NA	NA	NA	NA	NA	NA	NA	NA	NA	NA	NA	NA	NA	NA	NA	1.42761733521986e-06	NA	NA	NA	NA	NA	NA	NA	NA	NA	NA	NA	NA	NA	NA	NA	NA	NA	NA	NA	NA	NA	NA	NA	NA	NA	NA	NA	NA	NA	NA	NA	NA	NA	NA	NA	NA	NA	NA	NA	NA	NA	NA	NA	NA	NA	NA	NA	NA	NA	NA	NA	NA	NA	NA	NA	NA	NA	NA	NA	NA	3.63393503510511e-06	NA	NA	NA	NA	NA	NA	NA	NA	NA	NA	NA	NA	NA	NA	NA	NA	NA	NA	NA	NA	NA	NA	NA	NA	NA	NA	NA	NA	NA	NA	NA	NA	NA	NA	NA	NA	NA	NA	NA	NA	NA	NA	NA	NA	NA	NA	NA	NA	NA	NA	NA	NA	NA	NA	NA	NA	NA	NA	NA	NA	NA	NA	NA	NA	NA	NA	NA	NA	NA	NA	NA	NA	NA	NA	NA	NA	NA	NA	NA	NA	NA	NA	NA	NA	NA	NA	NA	NA	NA	NA	NA	NA	NA	NA	NA	NA	NA	NA	NA	NA	NA	NA	NA	NA	NA	NA	NA	NA	NA	NA	NA	NA	NA	NA	NA	NA	NA	NA	NA	NA	NA	NA	NA	NA	NA	NA	NA	NA	NA	NA	NA	NA	NA	NA	NA	NA	NA	NA	NA	NA	NA	NA	NA	NA	NA	NA	NA	NA	NA	NA	NA	NA	NA	NA	NA	NA	NA	NA	NA	NA	NA	NA	NA	NA	NA	NA	NA	NA	NA	NA	NA	NA	NA	NA	NA	NA	NA	NA	NA	NA	NA	NA	NA	NA	NA	NA	NA	NA	NA	NA	NA	NA	NA	NA	NA	NA	NA	NA	NA	NA	NA	NA	NA	NA	NA	NA	NA	NA	NA	NA	NA	NA	NA	NA	NA	NA	NA	NA	NA	NA	NA	NA	NA	NA	NA	NA	NA	NA	NA	NA	NA	NA	NA	NA	NA	NA	NA	NA	NA	NA	NA	NA	NA	NA	NA	NA	NA	NA	NA	NA	NA	NA	NA	NA	NA	NA	NA	NA	NA	NA	NA	NA	NA	NA	NA	NA	NA	NA	NA	NA	NA	NA	NA	NA	NA	NA	NA	NA	NA	NA	NA	NA	NA	NA	NA	NA	NA	NA	NA	NA	NA	NA	NA	NA	NA	NA	NA	NA	NA	NA	NA	NA	NA	NA	NA	NA	NA	NA	NA	NA	NA	NA	NA	NA	NA	NA	NA	NA	NA	NA	NA	NA	NA	NA	NA	NA	NA	NA	NA	NA	NA	NA	NA	NA	NA	NA	NA	NA	NA	NA	NA	NA	NA	NA	NA	NA	NA	NA	NA	NA	NA	NA	NA	NA	NA	NA	NA	NA	NA	NA	NA	NA	NA	NA	NA	NA	NA	NA	NA	NA	NA	NA	NA	NA	NA	NA	NA	NA	NA	NA	NA	NA	NA	NA	NA	NA	NA	NA	NA	NA	NA	NA	NA	NA	NA	NA	NA	NA	NA	NA	NA	NA	NA	NA	NA	NA	NA	NA	NA	NA	NA	NA	NA	NA	NA	NA	NA	NA	NA	NA	NA	NA	NA	NA	NA	NA	NA	NA	NA	NA	NA	NA	NA	NA	NA	NA	NA	NA	NA	NA	NA	NA	NA	NA	NA	NA	NA	NA	NA	NA	NA	NA	NA	NA
SLC_SMT_NEG_153J	0.00175033742440206	0.0636978494396433	0.184376398447869	NA	NA	9.89021146508389e-05	9.63145593256716e-06	0.0361224160924091	0.181179473843625	0.0174465917799405	0.179741655601274	0.000162009713970197	0.0271132672155447	4.255090979164e-05	0.000620869524966531	2.17067141166812e-05	NA	0.00758311838655	0.000744353415206459	0.000262924371651721	6.61264138653865e-06	1.72503688344486e-06	NA	2.7313083987877e-06	0.000537924001487557	0.00327138869637956	0.000746509711310765	0.000229861164719028	0.000152953270332111	4.45634528223257e-05	2.25692325584036e-05	3.07631577547667e-05	2.17067141166812e-05	1.72503688344486e-05	0.00177190038544512	0.00233742497706779	0.00182825159030432	0.000495229338622296	0.000275718395203937	3.96758483192319e-05	1.84003934234119e-05	1.69628626872078e-05	9.91896207980797e-06	9.20019671170594e-06	7.33140675464067e-06	5.75012294481621e-06	3.30632069326932e-06	0.000330632069326932	0.00018443519345498	1.19315051104936e-05	0.000933388707017292	7.18765368102027e-05	2.28567387056445e-05	0.00065249520116302	3.30632069326932e-06	5.60636987119581e-06	5.4626167975754e-06	3.59382684051013e-06	0.000241505163682281	2.99006393130443e-05	6.75639446015905e-06	5.17511065033459e-06	0.000133115346172495	1.38002950675589e-05	1.71066157608282e-05	4.31259220861216e-06	6.75639446015905e-06	4.60009835585297e-06	3.88133298775094e-06	3.30632069326932e-06	NA	NA	4.45634528223257e-06	NA	NA	0.000276005901351178	6.90014753377946e-06	3.88133298775094e-06	1.43753073620405e-06	2.87506147240811e-06	2.87506147240811e-06	0.00529629449139659	0.0113119293631897	0.000266949457713093	9.02769302336146e-05	0.000189179044884453	9.73208308410144e-05	0.000210023240559412	0.000211892030516477	9.97646330925613e-05	5.33323903131704e-05	4.22634036443992e-05	0.000119027544957696	3.73757991413054e-05	4.90197981045582e-05	4.52822181904277e-05	1.48065665829018e-05	2.18504671903016e-05	7.90641904912229e-06	6.46888831291824e-06	1.43753073620405e-05	7.47515982826108e-06	7.61891290188148e-06	2.87506147240811e-06	5.318863723955e-06	1.86878995706527e-06	0.0857382144401975	0.00358721419912359	0.00666122992542234	0.00397390996716249	0.00368913512832046	0.000267380716933954	0.000262061853209999	0.00109626093942921	0.000814504915133217	0.000473522624505615	0.000384539471934584	0.000136277913792144	0.000130959050068189	2.55880471044322e-05	8.92706587182717e-05	0.000111696138203055	9.20019671170594e-05	7.40328329145088e-05	1.53815788773834e-05	5.69262171536805e-05	2.63068124725342e-05	3.1194416975628e-05	5.70699702273009e-05	2.35755040737465e-05	6.75639446015905e-06	2.81756024295994e-05	9.63145593256716e-06	1.30815296994569e-05	5.17511065033459e-06	9.05644363808554e-06	4.16883913499175e-06	6.03762909205702e-06	6.18138216567743e-06	0.0148563051463744	0.0201057361357708	0.0047517578485225	0.00217972785530621	0.00224987935523296	0.00101216539136127	0.000919875918096974	0.000381376904314935	0.000439165639910338	0.000928501102514198	0.000392158384836466	2.24254794847832e-05	0.000181272625835331	0.000188172773369111	0.000210598252853894	0.000129521519331985	3.00443923866647e-05	8.92706587182717e-05	8.66831033931044e-05	0.000113708681233741	3.07631577547667e-05	3.36382192271749e-05	5.63512048591989e-05	2.32879979265057e-05	2.01254303068567e-05	2.2712985632024e-05	4.64322427793909e-05	3.76633052885462e-05	2.48692817363301e-05	6.9863993779517e-05	2.0556689527718e-05	3.04756516075259e-05	3.30632069326932e-05	2.76005901351178e-05	4.87322919573174e-05	1.35127889203181e-05	1.85441464970323e-05	1.33690358466977e-05	1.22190112577345e-05	1.27940235522161e-05	2.41505163682281e-05	6.61264138653865e-06	1.19315051104936e-05	5.60636987119581e-06	1.63878503927262e-05	9.48770285894675e-06	5.75012294481621e-06	1.84003934234119e-05	1.45190604356609e-05	1.76816280553099e-05	3.89570829511299e-05	2.50130348099505e-05	8.0501721227427e-06	8.33767826998351e-06	6.46888831291824e-06	2.7313083987877e-06	1.72503688344486e-06	0.014982951604234	0.00678945766709174	0.00317823670467354	0.0108256127151319	0.00339832266038638	0.00156547097172621	0.00200133029094328	0.000545830420536679	0.000222673511038008	0.000104508484522035	0.000446065787444118	0.000234605016148502	0.000165603540810707	7.50391044298516e-05	0.00016660981232605	9.43020162949859e-05	0.000288656171829774	0.000224829807142314	0.000113852434307361	0.000141021765221618	5.2469871871448e-05	0.0002127545489582	8.99894240863737e-05	0.000103645966080312	7.79141659022597e-05	5.57761925647173e-05	3.45007376688973e-05	9.30082386324023e-05	4.1832144423538e-05	2.50130348099505e-05	5.62074517855785e-05	3.55070091842401e-05	3.6513280699583e-05	4.29821690125012e-05	4.7869773515595e-05	0.000105802262184618	2.67380716933954e-05	2.2712985632024e-05	4.94510573254194e-05	2.87506147240811e-05	1.95504180123751e-05	3.88133298775094e-05	1.19315051104936e-05	1.89754057178935e-05	1.46628135092813e-05	2.38630102209873e-05	8.33767826998351e-06	3.43569845952769e-05	2.07004426013384e-05	1.5237825803763e-05	3.6513280699583e-05	1.40878012147997e-05	1.58128380982446e-05	3.57945153314809e-05	1.39440481411793e-05	8.1939251963631e-06	2.50130348099505e-05	7.76266597550189e-06	5.89387601843662e-06	2.07004426013384e-05	2.42942694418485e-05	1.72503688344486e-06	3.36382192271749e-05	5.17511065033459e-06	8.48143134360392e-06	6.75639446015905e-06	6.61264138653865e-06	1.27940235522161e-05	5.17511065033459e-06	0.0157044482807348	0.00181818887515089	0.00050701709065917	0.000882356365882048	0.000323731921793153	0.000226123584804898	0.000202979339952012	5.20386126505867e-05	0.000222529757964387	9.37270040005043e-05	4.75822673683542e-05	4.34134282333624e-05	1.6675356539967e-05	1.76816280553099e-05	2.04129364540976e-05	1.88316526442731e-05	0.00238773855283493	0.00536342717677732	0.00194656036989391	0.000536198964604112	0.000736734502304577	0.000700652480825856	0.000348169944308622	6.42576239083212e-05	3.3350713079934e-05	7.48953513562312e-05	2.1994220263922e-05	1.5956591171865e-05	2.01254303068567e-05	5.18948595769663e-05	5.75012294481621e-06	5.4626167975754e-06	4.60009835585297e-06	2.01254303068567e-06	5.75012294481621e-06	0.00109079832263164	3.88133298775094e-05	0.00181603257904658	8.03579681538066e-05	4.42759466750848e-05	6.46888831291824e-06	9.77520900618756e-06	4.31259220861216e-06	5.4626167975754e-06	8.91269056446513e-06	0.000305906540664223	0.000136565419939385	4.55697243376685e-05	9.43020162949859e-05	0.000174228725227931	1.10689866687712e-05	7.18765368102027e-06	4.88760450309378e-06	0.000147921912755397	0.000138002950675589	9.86146085035981e-05	1.27940235522161e-05	6.3107599319358e-05	4.91635511781786e-05	1.16439989632528e-05	9.20019671170594e-06	5.17511065033459e-06	1.00627151534284e-05	4.16883913499175e-06	0.000323444415645912	0.000251424125762089	0.000185153958823082	7.21640429574435e-05	5.83637478898846e-05	1.1356492816012e-05	3.03318985339055e-05	4.16883913499175e-06	5.318863723955e-06	1.53815788773834e-05	4.45634528223257e-06	1.26502704785957e-05	6.75639446015905e-06	1.53815788773834e-05	1.04939743742896e-05	3.70882929940646e-05	4.02508606137135e-05	1.45190604356609e-05	2.127545489582e-05	7.18765368102027e-06	3.45007376688973e-06	2.7313083987877e-06	7.47515982826108e-06	4.16883913499175e-06	6.54076484972844e-05	0.000117877520368732	3.00443923866647e-05	7.47515982826108e-06	6.61264138653865e-06	4.02508606137135e-06	0.000432265492376559	1.72503688344486e-06	3.47882438161381e-05	1.02064682270488e-05	8.62518441722432e-06	7.18765368102027e-06	2.0556689527718e-05	8.48143134360392e-06	4.77260204419746e-05	3.88133298775094e-06	3.45007376688973e-06	7.90641904912229e-06	6.32513523929783e-06	2.70255778406362e-05	8.48143134360392e-06	1.45190604356609e-05	0.000200104278479604	3.53632561106197e-05	2.17067141166812e-05	9.7895843135496e-05	1.33690358466977e-05	9.20019671170594e-06	5.318863723955e-06	3.32069600063136e-05	4.48509589695665e-05	3.01881454602851e-06	0.000105946015258239	4.16883913499175e-06	NA	6.61264138653865e-06	2.7313083987877e-06	3.76633052885462e-05	9.20019671170594e-06	NA	1.39440481411793e-05	6.03762909205702e-06	NA	5.17511065033459e-06	1.50940727301426e-05	1.5237825803763e-05	1.39440481411793e-05	0.000165747293884327	0.000119171298031316	1.62440973191058e-05	6.46888831291824e-06	2.30004917792649e-06	2.15629610430608e-06	NA	1.43753073620405e-06	NA	NA	1.61003442454854e-05	0.000150078208859703	2.01254303068567e-05	4.60009835585297e-06	NA	4.16883913499175e-06	0.000126215198638716	8.62518441722432e-06	6.75639446015905e-06	NA	3.24881946382116e-05	2.44380225154689e-06	3.92445890983707e-05	5.03135757671419e-06	2.30004917792649e-06	1.55253319510038e-05	3.01881454602851e-06	3.01881454602851e-06	NA	NA	1.17877520368732e-05	NA	NA	1.43753073620405e-06	0.00010652102755272	2.99006393130443e-05	4.74385142947338e-06	NA	NA	NA	NA	3.8669576803889e-05	1.58128380982446e-06	2.01254303068567e-06	3.82383175830278e-05	2.15629610430608e-06	9.77520900618756e-06	2.5875553251673e-06	0.00370164164572544	0.000172503688344486	0.000156978356393483	8.02142150801862e-05	0.000135559148424042	0.000119315051104936	1.12127397423916e-05	8.1939251963631e-06	1.95504180123751e-05	1.5956591171865e-05	0.000778997905948977	0.000415877641983833	1.23627643313549e-05	5.4626167975754e-06	6.32513523929783e-06	5.7788735595403e-05	8.33767826998351e-06	2.30004917792649e-06	NA	4.74385142947338e-06	8.91269056446513e-05	0.000301162689234749	2.34317510001261e-05	9.21457201906798e-05	4.62884897057705e-05	3.09069108283872e-05	3.37819723007953e-05	2.17067141166812e-05	9.48770285894675e-06	3.45007376688973e-06	1.86878995706527e-06	2.44380225154689e-06	NA	7.38890798408883e-05	NA	1.25065174049753e-05	0.000150078208859703	3.01881454602851e-06	9.67458185465328e-05	4.60009835585297e-06	NA	5.75012294481621e-06	4.88760450309378e-06	4.45634528223257e-06	1.43753073620405e-06	2.5875553251673e-06	1.86878995706527e-06	4.16883913499175e-06	NA	0.000237336324547289	0.000293400023259247	3.78070583621666e-05	2.63068124725342e-05	9.91896207980797e-06	NA	NA	5.3907402607652e-05	2.97568862394239e-05	6.58389077181456e-05	2.30004917792649e-06	6.75639446015905e-06	NA	NA	6.48326362028028e-05	1.62440973191058e-05	5.2469871871448e-05	2.5875553251673e-05	2.2712985632024e-05	2.55880471044322e-05	3.01881454602851e-06	4.16883913499175e-06	1.69628626872078e-05	8.91269056446513e-06	6.75639446015905e-06	4.16883913499175e-06	5.17511065033459e-06	5.17511065033459e-06	3.59382684051013e-06	5.4626167975754e-06	4.02508606137135e-06	1.58128380982446e-06	4.31259220861216e-06	NA	NA	2.15629610430608e-06	3.01881454602851e-06	2.01254303068567e-06	9.22894732643002e-05	1.38002950675589e-05	0.000128802753963883	3.59382684051013e-06	1.40878012147997e-05	NA	NA	2.7313083987877e-05	5.318863723955e-06	1.48065665829018e-05	1.82566403497915e-05	3.45007376688973e-06	NA	2.99006393130443e-05	2.54442940308117e-05	2.7313083987877e-06	4.16883913499175e-06	NA	2.15629610430608e-06	3.45007376688973e-06	NA	6.03762909205702e-06	6.18138216567743e-06	2.01254303068567e-06	4.02508606137135e-06	9.91896207980797e-06	1.16439989632528e-05	NA	3.73757991413054e-06	NA	2.5875553251673e-06	1.58128380982446e-06	1.58128380982446e-06	NA	1.86878995706527e-06	2.7313083987877e-06	NA	0.00035463883262154	1.63878503927262e-05	1.86878995706527e-06	0.000303893997633537	5.18948595769663e-05	2.7313083987877e-06	6.75639446015905e-05	6.75639446015905e-06	8.62518441722432e-06	4.45634528223257e-06	6.03762909205702e-06	3.01881454602851e-06	NA	8.76893749084473e-06	1.07814805215304e-05	3.45007376688973e-06	5.4626167975754e-06	2.7313083987877e-06	1.43753073620405e-06	NA	3.45007376688973e-06	1.58128380982446e-06	NA	NA	5.17511065033459e-06	4.95948103990398e-05	3.01881454602851e-06	3.59382684051013e-06	6.46888831291824e-06	0.000324881946382116	9.34394978532635e-06	5.04573288407623e-05	1.50940727301426e-05	4.60009835585297e-06	2.18504671903016e-05	3.45007376688973e-06	1.43753073620405e-06	3.30632069326932e-06	1.86878995706527e-06	4.7151008147493e-05	2.38630102209873e-05	NA	2.44380225154689e-06	7.61891290188148e-06	3.16256761964892e-06	1.58128380982446e-06	NA	4.60009835585297e-06	1.43753073620405e-06	NA	NA	NA	0.00011356492816012	2.53005409571913e-05	8.62518441722432e-06	2.44380225154689e-06	9.77520900618756e-06	3.01881454602851e-05	8.0501721227427e-06	2.25692325584036e-05	2.2712985632024e-05	1.16439989632528e-05	7.47515982826108e-06	4.88760450309378e-06	9.48770285894675e-06	NA	NA	1.25065174049753e-05	1.46628135092813e-05	2.07004426013384e-05	3.73757991413054e-06	NA	3.01881454602851e-06	NA	8.62518441722432e-06	NA	NA	1.72503688344486e-06	9.63145593256716e-06	NA	NA	3.30632069326932e-06	5.2469871871448e-05	NA	2.01254303068567e-06	3.01881454602851e-06	NA	4.60009835585297e-06	1.02064682270488e-05	1.55253319510038e-05	6.61264138653865e-06	6.90014753377946e-06	NA	NA	9.68895716201532e-05	1.38002950675589e-05	2.8031849355979e-05	1.86878995706527e-06	5.03135757671419e-06	NA	NA	3.73757991413054e-06	2.87506147240811e-06	NA	6.00887847733294e-05	2.15629610430608e-06	6.46888831291824e-06	NA	2.01254303068567e-06	3.75195522149258e-05	4.16883913499175e-06	1.58128380982446e-06	3.16256761964892e-06	NA	1.58128380982446e-06	2.93256270185627e-05	NA	2.44380225154689e-06	NA	0.000138721716043691	2.15629610430608e-06	1.43753073620405e-06	9.34394978532635e-06	1.04939743742896e-05	NA	NA	1.94066649387547e-05	1.82566403497915e-05	1.82566403497915e-05	6.61264138653865e-06	1.45190604356609e-05	NA	4.31259220861216e-06	1.46628135092813e-05	NA	NA	2.44380225154689e-05	NA	1.43753073620405e-06	NA	2.44380225154689e-06	3.01881454602851e-06	3.45007376688973e-06	6.69889323071089e-05	NA	0.000437153096879653	1.86878995706527e-06	3.73757991413054e-06	1.42315542884201e-05	6.46888831291824e-06	6.75639446015905e-06	4.45634528223257e-06	NA	2.30004917792649e-06	2.01254303068567e-06	2.15629610430608e-06	6.90014753377946e-06	NA	2.5875553251673e-06	NA	1.43753073620405e-06	NA	NA	1.43753073620405e-06	NA	5.4626167975754e-06	2.87506147240811e-06	NA	NA	NA	4.60009835585297e-06	5.4626167975754e-06	3.16256761964892e-06	3.01881454602851e-06	2.5875553251673e-06	0.000129521519331985	1.86878995706527e-05	4.45634528223257e-06	7.90641904912229e-06	4.88760450309378e-06	2.42942694418485e-05	NA	2.87506147240811e-06	NA	NA	NA	NA	NA	NA	NA	NA	NA	NA	NA	NA	3.45007376688973e-06	NA	NA	NA	NA	NA	NA	2.44380225154689e-06	2.01254303068567e-06	8.1939251963631e-06	4.74385142947338e-06	8.33767826998351e-06	NA	4.45634528223257e-06	NA	NA	NA	8.1939251963631e-06	2.15629610430608e-06	2.15629610430608e-06	NA	NA	NA	4.31259220861216e-06	NA	NA	NA	NA	NA	NA	NA	NA	NA	NA	NA	NA	NA	NA	NA	NA	NA	1.35127889203181e-05	1.49503196565222e-05	2.77443432087382e-05	4.88760450309378e-06	0.000356363869504985	4.60009835585297e-06	1.82566403497915e-05	3.88133298775094e-06	1.72503688344486e-06	7.90641904912229e-06	NA	6.61264138653865e-06	2.30004917792649e-06	5.318863723955e-06	2.28567387056445e-05	6.90014753377946e-06	NA	6.90014753377946e-06	3.59382684051013e-06	NA	NA	NA	NA	NA	2.15629610430608e-06	NA	NA	NA	NA	NA	NA	NA	NA	NA	NA	NA	1.36565419939385e-05	1.99816772332363e-05	2.30004917792649e-06	8.76893749084473e-06	1.75378749816895e-05	NA	4.45634528223257e-06	NA	2.15629610430608e-06	3.59382684051013e-06	1.04939743742896e-05	NA	1.86878995706527e-06	2.15629610430608e-06	NA	NA	NA	NA	NA	NA	NA	2.91818739449423e-05	1.7394121908069e-05	1.43753073620405e-06	5.20386126505867e-05	1.1356492816012e-05	2.5875553251673e-06	1.86878995706527e-06	NA	NA	NA	NA	0.000197947982375298	2.01254303068567e-06	5.60636987119581e-06	8.33767826998351e-06	NA	NA	NA	4.60009835585297e-06	NA	NA	2.01254303068567e-06	2.01254303068567e-06	NA	8.0501721227427e-06	0.000133259099246116	4.12571321290563e-05	1.03502213006692e-05	9.05644363808554e-05	9.50207816630879e-05	3.63695276259626e-05	9.63145593256716e-06	2.07004426013384e-05	6.32513523929783e-06	1.36565419939385e-05	2.5875553251673e-06	4.42759466750848e-05	NA	1.86878995706527e-06	4.16883913499175e-06	NA	NA	NA	NA	NA	0.00022339227640611	6.56951546445252e-05	1.1356492816012e-05	2.38630102209873e-05	NA	5.11760942088643e-05	NA	NA	0.000375195522149258	NA	2.44380225154689e-06	NA	NA	NA	3.10506639020076e-05	NA	3.01881454602851e-06	NA	NA	NA	1.1356492816012e-05	6.46888831291824e-06	NA	NA	1.39440481411793e-05	NA	NA	NA	3.59382684051013e-06	6.92889814850354e-05	3.59382684051013e-06	0.000146628135092813	1.72503688344486e-05	NA	2.01254303068567e-06	4.62884897057705e-05	1.58128380982446e-06	3.96758483192319e-05	4.52822181904277e-05	2.8031849355979e-05	2.30004917792649e-06	3.45007376688973e-06	NA	3.16256761964892e-06	0.000374764262928397	4.08258729081951e-05	NA	NA	1.76816280553099e-05	NA	1.86878995706527e-06	2.7313083987877e-06	6.46888831291824e-06	2.48692817363301e-05	1.86878995706527e-06	NA	NA	1.19315051104936e-05	4.88760450309378e-06	NA	NA	5.318863723955e-06	1.81128872761711e-05	2.87506147240811e-06	NA	NA	NA	4.60009835585297e-06	1.58128380982446e-06	NA	NA	0.000231873707749714	5.64949579328193e-05	0.00142329918191563	0.00164726647061622	4.31259220861216e-06	4.45634528223257e-05	4.37009343806032e-05	NA	1.79691342025507e-05	2.44380225154689e-05	NA	NA	4.16883913499175e-06	4.02508606137135e-06	0.000365707819290311	0.000112558656644777	6.21013278040151e-05	0.00013139030928905	2.01254303068567e-05	4.01071075400931e-05	5.63512048591989e-05	5.17511065033459e-05	4.01071075400931e-05	1.33690358466977e-05	3.01881454602851e-06	NA	5.318863723955e-06	NA	NA	1.92629118651343e-05	NA	2.01254303068567e-06	NA	NA	NA	5.4626167975754e-06	NA	1.81128872761711e-05	NA	NA	NA	NA	NA	NA	NA	NA	NA	NA	NA	9.05644363808554e-06	NA	NA	NA	NA	NA	NA	NA	NA	NA	NA	NA	2.30004917792649e-06	NA	5.17511065033459e-06	1.43753073620405e-06	1.86878995706527e-06	3.45007376688973e-06	NA	NA	2.5875553251673e-06	3.16256761964892e-06	2.30004917792649e-06	6.90014753377946e-06	4.88760450309378e-06	3.16256761964892e-06	5.03135757671419e-06	2.7313083987877e-06	2.44380225154689e-06	1.86878995706527e-06	2.44380225154689e-06	3.45007376688973e-06	NA	2.15629610430608e-06	2.44380225154689e-06	1.58128380982446e-06	7.04390060739986e-06	2.30004917792649e-06	1.43753073620405e-06	4.16883913499175e-06	5.75012294481621e-06	2.30004917792649e-06	2.44380225154689e-06	5.80762417426438e-05	4.80135265892154e-05	7.90641904912229e-06	2.30004917792649e-06	NA	NA	1.72503688344486e-06	1.72503688344486e-06	2.5875553251673e-06	1.12127397423916e-05	1.58128380982446e-06	NA	2.01254303068567e-06	5.89387601843662e-06	4.16883913499175e-06	1.86878995706527e-06	2.15629610430608e-06	2.7313083987877e-06	3.88133298775094e-06	1.58128380982446e-06	1.72503688344486e-06	NA	NA	NA	3.59382684051013e-06	NA	NA	NA	NA	NA	2.01254303068567e-06	NA	NA	NA	1.58128380982446e-06	NA	NA	NA	NA	NA	3.59382684051013e-06	2.87506147240811e-06	1.58128380982446e-06	NA	NA	NA	NA	NA	NA	NA	4.31259220861216e-06	NA	NA	NA	NA	NA	NA	NA	NA	NA	NA	NA	NA	3.16256761964892e-06	NA	NA	NA	NA	NA	NA	NA	NA	NA	2.15629610430608e-06	NA	NA	NA	NA	NA	NA	NA	NA	NA	NA	2.15629610430608e-06	NA	NA	NA	NA	NA	NA	NA	NA	NA	NA	NA	NA	NA	NA	NA	NA	NA	NA	NA	1.43753073620405e-06	NA	NA	NA	NA	NA	NA	NA	1.58128380982446e-06	NA	NA	1.58128380982446e-06	NA	NA	NA	7.61891290188148e-06	NA	NA	2.01254303068567e-06	5.318863723955e-06	NA	NA	NA	NA	NA	NA	NA	NA	NA	NA	NA	NA	NA	NA	NA	NA	NA	2.44380225154689e-06	NA	NA	NA	1.72503688344486e-06	NA	2.15629610430608e-06	NA	NA	1.86878995706527e-06	NA	4.16883913499175e-06	NA	3.59382684051013e-06	NA	NA	2.87506147240811e-06	3.45007376688973e-06	4.02508606137135e-06	NA	NA	NA	1.72503688344486e-06	NA	NA	NA	NA	8.0501721227427e-06	NA	2.44380225154689e-06	NA	NA	NA	NA	NA	NA	NA	NA	NA	NA	NA	NA	2.15629610430608e-06	NA	NA	NA	4.45634528223257e-06	NA	NA	NA	NA	NA	NA	NA	NA	1.86878995706527e-06	NA	1.58128380982446e-06	NA	2.30004917792649e-06	1.58128380982446e-06	NA	4.74385142947338e-06	NA	NA	NA	NA	NA	NA	NA	NA	NA	NA	NA	NA	NA	NA	NA	NA	NA	NA	NA	NA	NA	NA	NA	NA	NA	NA	NA	NA	NA	3.01881454602851e-06	1.86878995706527e-06	NA	NA	NA	1.72503688344486e-06	NA	NA	NA	NA	NA	1.55253319510038e-05	NA	NA	NA	NA	NA	NA	NA	NA	NA	NA	NA	NA	NA	2.5875553251673e-06	NA	9.05644363808554e-06	NA	NA	NA	NA	NA	NA	NA	NA	NA	NA	NA	NA	NA	NA	NA	NA	NA	4.16883913499175e-06	NA	NA	NA	1.58128380982446e-06	1.86878995706527e-06	NA	NA	NA	6.61264138653865e-06	NA	NA	NA	NA	NA	NA	NA	NA	NA	NA	4.74385142947338e-06	NA	NA	NA	2.15629610430608e-06	NA	2.5875553251673e-06	NA	NA	NA	1.72503688344486e-06	NA	NA	NA	NA	NA	NA	NA	NA	NA	NA	NA	NA	NA	NA	NA	NA	NA	NA	NA	6.03762909205702e-06	NA	NA	NA	NA	NA	NA	NA	NA	NA	NA	NA	4.16883913499175e-06	NA	NA	2.01254303068567e-06	NA	8.1939251963631e-06	NA	NA	NA	NA	NA	NA	4.16883913499175e-06	NA	NA	NA	NA	NA	2.5875553251673e-06	NA	2.7313083987877e-06	NA	4.74385142947338e-06	6.90014753377946e-06	4.31259220861216e-06	1.86878995706527e-06	3.16256761964892e-06	NA	NA	2.01254303068567e-06	2.01254303068567e-06	4.16883913499175e-06	NA	NA	NA	NA	NA	NA	NA	NA	NA	NA	NA	NA	NA	2.7313083987877e-06	NA	NA	2.30004917792649e-06	1.43753073620405e-06	NA	3.30632069326932e-06	NA	2.01254303068567e-06	1.71066157608282e-05	NA	NA	NA	NA	NA	NA	NA	NA	NA	NA	NA	2.7313083987877e-06	NA	NA	4.60009835585297e-06	NA	NA	NA	NA	NA	4.31259220861216e-06	NA	NA	NA	1.43753073620405e-06	NA	NA	NA	NA	NA	NA	NA	NA	NA	NA	NA	NA	NA	NA	NA	NA	NA	3.30632069326932e-06	NA	NA	NA	NA	NA	NA	2.7313083987877e-06	3.16256761964892e-06	NA	4.60009835585297e-06	2.15629610430608e-06	NA	2.0556689527718e-05	1.17877520368732e-05	8.48143134360392e-06	1.43753073620405e-05	NA	NA	1.43753073620405e-06	NA	NA	NA	NA	3.62257745523421e-05	NA	NA	NA	2.44380225154689e-06	2.01254303068567e-06	2.30004917792649e-06	NA	NA	NA	2.30004917792649e-06	1.43753073620405e-06	7.33140675464067e-06	NA	NA	NA	9.05644363808554e-06	6.03762909205702e-06	1.86878995706527e-06	2.30004917792649e-06	NA	NA	NA	NA	NA	NA	NA	4.16883913499175e-06	3.59382684051013e-06	NA	NA	NA	NA	NA	NA	NA	NA	NA	2.64505655461546e-05	NA	2.44380225154689e-06	NA	NA	NA	NA	NA	NA	NA	NA	NA	NA	NA	NA	NA	NA	NA	NA	NA	NA	NA	NA	NA	NA	NA	NA	NA	NA	NA	NA	NA	NA	NA	NA	NA	NA	NA	NA	NA	NA	NA	NA	NA	NA	NA	NA	NA	NA	NA	NA	NA	NA	NA	NA	NA	NA	NA	NA	NA	NA	NA	NA	NA	NA	NA	NA	NA	NA	NA	NA	NA	NA	NA	NA	NA	NA	NA	NA	NA	NA	NA	NA	NA	NA	3.88133298775094e-06	NA	NA	NA	NA	NA	NA	NA	NA	NA	NA	NA	NA	NA	NA	NA	NA	NA	1.43753073620405e-06	NA	NA	NA	NA	NA	NA	NA	NA	NA	NA	NA	NA	NA	NA	NA	NA	NA	NA	NA	NA	NA	NA	NA	NA	NA	NA	NA	NA	NA	NA	NA	NA	NA	NA	NA	NA	NA	NA	NA	NA	NA	NA	NA	NA	NA	NA	NA	NA	NA	NA	NA	NA	NA	1.72503688344486e-06	NA	NA	NA	NA	NA	NA	NA	NA	NA	NA	NA	NA	NA	NA	NA	NA	NA	NA	NA	NA	NA	NA	NA	NA	NA	NA	NA	NA	NA	NA	NA	NA	NA	NA	NA	NA	NA	NA	NA	NA	NA	NA	NA	NA	NA	NA	NA	NA	NA	NA	NA	NA	NA	NA	NA	NA	NA	NA	NA	NA	NA	NA	NA	NA	NA	NA	NA	NA	NA	NA	NA	NA	NA	NA	NA	2.01254303068567e-06	1.86878995706527e-06	NA	NA	NA	NA	NA	NA	NA	NA	NA	NA	NA	NA	NA	NA	NA	NA	NA	NA	NA	NA	NA	NA	NA	NA	NA	NA	NA	NA	NA	NA	NA	NA	NA	NA	NA	NA	NA	NA	NA	NA	NA	NA	NA	NA	NA	NA	NA	NA	NA	NA	NA	NA	NA	NA	NA	NA	NA	NA	NA	NA	NA	NA	NA	NA	NA	NA	NA	NA	NA	NA	NA	NA	NA	NA	NA	NA	NA	NA	NA	NA	NA	NA	NA	NA	NA	NA	NA	NA	NA	NA	NA	NA	NA	NA	NA	NA	NA	NA	NA	NA	NA	NA	NA	NA	NA	NA	NA	NA	NA	NA	NA	NA	NA	NA	NA	NA	NA	NA	NA	NA	NA	NA	NA	NA	NA	NA	NA	NA	NA	NA	NA	NA	NA	NA	NA	NA	NA	NA	NA	NA	NA	NA	NA	NA	NA	NA	NA	NA	NA	NA	NA	NA	NA	NA	NA	NA	NA	NA	NA	NA	NA	NA	NA	NA	NA	NA	NA	NA	NA	NA	NA	NA	NA	NA	NA	NA	NA	NA	NA	NA	NA	NA	NA	NA	NA	NA	NA	NA	NA	NA	NA	NA	NA	NA	NA	NA	NA	NA	NA	NA	NA	NA	NA	NA	NA	NA	NA	NA	NA	NA	NA	NA	NA	NA	NA	NA	NA	NA	NA	NA	NA	NA	NA	NA	NA	NA	NA	NA	NA	NA	NA	NA	NA	NA	NA	NA	NA	NA	NA	NA	NA	NA	NA	NA	NA	NA	NA	NA	NA	NA	NA	NA	NA	NA	NA	NA	NA	NA	NA	NA	NA	NA	NA	NA	NA	NA	NA	NA	NA	NA	NA	NA	NA	NA	NA	NA	NA	NA	NA	NA	NA	NA	NA	NA	NA	NA	NA	NA	NA	NA	NA	NA	NA	NA	NA	NA	NA	NA	NA	NA	NA	NA	NA	NA	NA	NA	NA	NA	NA	NA	NA	NA	NA	NA	NA	NA	NA	NA	NA	NA	NA	NA	NA	NA	NA	NA	NA	NA	NA	NA	NA	NA	NA	NA	NA	NA	NA	NA	NA	NA	NA	NA	NA	NA	NA	NA	NA	NA	NA	NA	NA	NA	NA	NA	NA	NA	NA	NA	NA	NA	NA	NA	NA	NA	NA	NA	NA	NA	NA	NA	NA
SLC_SMT_NEG_191J	0.000178437429104933	0.000333970298239185	0.40419546097063	NA	2.39952533026194e-06	0.000115831631851736	1.76692319773834e-05	0.0112784234682303	0.0344824878278624	0.014308369544352	0.269240048514039	0.000142226410484617	0.0327231994834476	7.94024745650315e-05	0.00679654642863375	1.37427359824093e-05	NA	0.0290602149974696	0.0165702493761234	0.000380651972846099	9.81623998743521e-06	4.79905066052388e-06	3.92649599497409e-06	4.14463466136153e-06	9.00912692180165e-05	0.00612816955482261	0.00599685007765737	0.000490375722038986	0.000345313508891332	6.74048479137218e-05	4.79905066052388e-05	6.47871839170724e-05	4.9517477269951e-05	3.51203252883793e-05	0.00602084533095998	0.00261155611399054	0.00239450814093503	0.00158739507530147	0.000734909167059316	0.000160331919794775	3.03212746278554e-05	2.79217492975935e-05	3.29389386245048e-05	5.21351412666004e-05	1.54878453135089e-05	1.02525173202101e-05	9.59810132104776e-06	0.00233255675968099	0.00101390852136886	2.94487199623056e-05	0.00164978273388828	0.00013001064516692	4.14463466136153e-05	0.00110836256391463	5.23532799329878e-06	5.88974399246113e-06	1.41790133151842e-05	7.63485332356072e-06	0.000344440954225782	7.24220372406331e-05	1.15613493185348e-05	8.72554665549797e-06	0.000370181316859501	2.46496693017818e-05	2.72673332984311e-05	3.49021866219919e-06	1.26520426504721e-05	8.94368532188542e-06	6.10788265884858e-06	4.79905066052388e-06	2.61766399664939e-06	NA	4.58091199413643e-06	4.14463466136153e-06	5.01718932691133e-06	0.000454164703418669	9.37996265466031e-06	6.32602132523603e-06	3.49021866219919e-06	4.14463466136153e-06	3.05394132942429e-06	0.00778558714203445	0.00229918154372371	5.69341919271242e-05	3.22845226253425e-05	4.73360906060765e-05	3.4465909289217e-05	5.03900319355008e-05	4.49365652758145e-05	3.16301066261801e-05	2.26864213042947e-05	1.30883199832469e-05	2.22501439715198e-05	1.24339039840846e-05	1.61422613126712e-05	1.61422613126712e-05	2.61766399664939e-06	5.23532799329878e-06	4.58091199413643e-06	3.05394132942429e-06	4.14463466136153e-06	3.49021866219919e-06	2.83580266303684e-06	3.05394132942429e-06	3.49021866219919e-06	NA	0.0271421217039248	0.00594100657906218	0.000575449801930091	0.00386083625639146	0.00177259480306441	0.000204832207737815	0.000134155279828281	0.000237989285028707	0.00018040067710242	0.000105142837198751	0.000180836954435195	8.26745545608432e-05	8.68191892222048e-05	1.48334293143465e-05	4.05737919480655e-05	4.16644852800028e-05	3.33752159572797e-05	2.44315306353943e-05	9.59810132104776e-06	1.74510933109959e-05	2.22501439715198e-05	1.91962026420955e-05	2.3777114636232e-05	1.30883199832469e-05	7.85299198994817e-06	8.50740798911052e-06	6.32602132523603e-06	3.49021866219919e-06	3.05394132942429e-06	5.88974399246113e-06	NA	4.36277332774898e-06	2.83580266303684e-06	0.00181338673367887	0.00951629932115247	0.00014113571715268	0.00102656056401934	0.00150821073940282	0.000225337242378235	0.000186726698427656	0.000107324223862625	9.59810132104776e-05	0.000159677503795613	7.525783990367e-05	3.55566026211542e-05	4.9517477269951e-05	4.53728426085894e-05	4.05737919480655e-05	3.46840479556044e-05	9.37996265466031e-06	3.94830986161283e-05	1.81055093101583e-05	2.79217492975935e-05	1.5051567980734e-05	1.61422613126712e-05	1.57059839798963e-05	1.48334293143465e-05	8.72554665549797e-06	1.17794879849223e-05	1.15613493185348e-05	2.18138666387449e-05	8.50740798911052e-06	1.96324799748704e-05	8.07113065633562e-06	5.01718932691133e-06	8.50740798911052e-06	6.32602132523603e-06	8.94368532188542e-06	5.45346665968623e-06	6.98043732439837e-06	1.00343786538227e-05	9.16182398827287e-06	5.23532799329878e-06	1.00343786538227e-05	6.32602132523603e-06	5.88974399246113e-06	4.36277332774898e-06	6.32602132523603e-06	7.41671465717327e-06	NA	8.28926932272307e-06	5.88974399246113e-06	2.83580266303684e-06	1.13432106521474e-05	9.81623998743521e-06	5.23532799329878e-06	NA	3.70835732858664e-06	NA	2.39952533026194e-06	0.00294290874823308	0.00107084271329599	0.000333752159572797	0.00297911976685339	0.000887169956197756	0.000328298692913111	0.000573922831265379	0.00023515348236567	4.12282079472279e-05	5.27895572657627e-05	4.5154703942202e-05	4.34095946111024e-05	6.28239359195854e-05	9.59810132104776e-06	7.00225119103712e-05	2.53040853009441e-05	6.82774025792716e-05	3.97012372825158e-05	3.33752159572797e-05	4.14463466136153e-05	1.76692319773834e-05	3.53384639547668e-05	1.81055093101583e-05	2.68310559656562e-05	1.96324799748704e-05	2.24682826379073e-05	1.78873706437708e-05	2.46496693017818e-05	2.53040853009441e-05	1.59241226462838e-05	1.81055093101583e-05	1.59241226462838e-05	1.28701813168595e-05	1.46152906479591e-05	2.11594506395826e-05	2.5740362633719e-05	1.67966773118336e-05	1.02525173202101e-05	9.81623998743521e-06	1.78873706437708e-05	6.76229865801092e-06	9.37996265466031e-06	8.07113065633562e-06	7.63485332356072e-06	4.79905066052388e-06	5.45346665968623e-06	5.88974399246113e-06	8.07113065633562e-06	6.10788265884858e-06	NA	1.15613493185348e-05	8.07113065633562e-06	4.79905066052388e-06	8.50740798911052e-06	2.83580266303684e-06	4.36277332774898e-06	3.92649599497409e-06	3.27207999581174e-06	4.14463466136153e-06	4.36277332774898e-06	6.76229865801092e-06	NA	7.63485332356072e-06	NA	4.14463466136153e-06	8.50740798911052e-06	NA	3.70835732858664e-06	NA	0.0137150323717781	0.000662268991152296	0.000437149887440448	0.000372798980856151	0.000304085300944104	0.00017276582377886	0.000124993455840008	3.46840479556044e-05	5.19170026002129e-05	4.23189012791651e-05	3.38114932900546e-05	1.35245973160218e-05	1.39608746487967e-05	1.5051567980734e-05	5.88974399246113e-06	8.94368532188542e-06	0.00338289443833656	0.00201102036542589	0.000292305812959182	0.000528331849990402	0.000294050922290281	0.000221192607716873	0.000132192031830794	4.0791930614453e-05	2.18138666387449e-05	2.98849972950805e-05	9.59810132104776e-06	1.30883199832469e-05	8.07113065633562e-06	1.0688794652985e-05	3.05394132942429e-06	2.83580266303684e-06	2.18138666387449e-06	NA	NA	7.19857599078582e-05	3.53384639547668e-05	4.12282079472279e-05	3.46840479556044e-05	2.33408373034571e-05	4.36277332774898e-06	3.27207999581174e-06	3.05394132942429e-06	2.61766399664939e-06	NA	0.000558216847285482	5.23532799329878e-05	2.137758930597e-05	3.68654346194789e-05	2.22501439715198e-05	6.98043732439837e-06	3.70835732858664e-06	NA	2.63947786328814e-05	4.62453972741392e-05	2.18138666387449e-05	3.49021866219919e-06	7.35127305725704e-05	5.23532799329878e-06	1.0688794652985e-05	5.45346665968623e-06	2.83580266303684e-06	3.49021866219919e-06	3.92649599497409e-06	0.000139608746487967	7.15494825750833e-05	3.99193759489032e-05	5.06081706018882e-05	2.137758930597e-05	5.23532799329878e-06	9.81623998743521e-06	1.11250719857599e-05	5.67160532607368e-06	3.92649599497409e-06	5.45346665968623e-06	4.58091199413643e-06	3.70835732858664e-06	NA	4.79905066052388e-06	1.17794879849223e-05	2.15957279723575e-05	6.32602132523603e-06	1.57059839798963e-05	3.70835732858664e-06	NA	NA	3.92649599497409e-06	3.05394132942429e-06	3.8828682616966e-05	2.24682826379073e-05	1.0688794652985e-05	5.45346665968623e-06	3.27207999581174e-06	NA	0.000103615866534038	2.61766399664939e-06	2.20320053051324e-05	3.27207999581174e-06	NA	2.39952533026194e-06	7.85299198994817e-06	2.7703610631206e-05	6.76229865801092e-06	3.53384639547668e-05	NA	2.18138666387449e-06	NA	6.76229865801092e-06	5.01718932691133e-06	6.10788265884858e-06	2.72673332984311e-05	1.98506186412579e-05	8.28926932272307e-06	3.33752159572797e-05	1.0688794652985e-05	6.54415999162347e-06	NA	5.95518559237736e-05	8.28926932272307e-06	NA	1.48334293143465e-05	5.01718932691133e-06	NA	3.05394132942429e-06	3.27207999581174e-06	0.000113650245187861	9.81623998743521e-06	NA	1.78873706437708e-05	3.49021866219919e-06	4.79905066052388e-06	NA	2.61766399664939e-06	2.83580266303684e-06	NA	0.00208431495733208	0.00350723347817741	0.000537711812645062	0.000187162975760431	7.15494825750833e-05	9.11819625499538e-05	2.31226986370696e-05	2.85761652967558e-05	1.67966773118336e-05	1.02525173202101e-05	NA	0.00275160113781128	0.000452201455421182	8.07113065633562e-05	8.07113065633562e-06	5.88974399246113e-06	0.00189235293091112	0.000124557178507233	9.20545172155035e-05	7.85299198994817e-06	4.18826239463902e-05	NA	0.000561488927281294	2.61766399664939e-05	1.78873706437708e-05	1.22157653176972e-05	7.63485332356072e-06	NA	1.5051567980734e-05	NA	1.19976266513097e-05	7.85299198994817e-06	5.88974399246113e-06	6.54415999162347e-06	0.000387196132837722	9.99075092054517e-05	2.48678079681692e-05	NA	3.27207999581174e-06	4.14463466136153e-06	3.70835732858664e-06	0.000122375791843359	7.85299198994817e-06	6.98043732439837e-06	0.000127611119836658	7.63485332356072e-06	3.75198506186413e-05	6.76229865801092e-06	0.000990349545399019	0.000298195556951643	0.000425152260789138	3.86105439505785e-05	0.000124557178507233	0.000392431460831021	4.86449226044012e-05	1.19976266513097e-05	3.94830986161283e-05	2.53040853009441e-05	0.000583957209919201	0.000604244105893234	2.53040853009441e-05	1.19976266513097e-05	3.70835732858664e-06	6.32602132523603e-06	4.36277332774898e-06	6.10788265884858e-06	2.83580266303684e-06	0.000112559551855924	0.000473142767394377	6.78411252464967e-05	0.000105360975865138	0.000137209221157706	3.83924052841911e-05	0.000137427359824093	5.10444479346631e-05	1.98506186412579e-05	1.39608746487967e-05	6.54415999162347e-06	0.0021100553199658	2.18138666387449e-06	2.18138666387449e-06	1.28701813168595e-05	0.000115613493185348	1.57059839798963e-05	0.000284016543636459	3.05394132942429e-06	3.8828682616966e-05	1.04706559865976e-05	NA	1.54878453135089e-05	9.40177652129906e-05	2.00687573076453e-05	NA	3.70835732858664e-06	2.39952533026194e-06	3.49021866219919e-06	NA	0.000166876079786399	0.000181055093101583	0.000397012372825157	2.20320053051324e-05	6.10788265884858e-06	4.36277332774898e-06	4.36277332774898e-06	0.000367563652862852	0.00035491161021238	0.000188253669092369	2.7703610631206e-05	NA	1.04706559865976e-05	NA	4.05737919480655e-05	4.5154703942202e-05	5.5843498595187e-05	2.94487199623056e-05	5.3443973264925e-05	4.18826239463902e-05	3.05394132942429e-06	3.92649599497409e-06	1.87599253093206e-05	1.0688794652985e-05	7.85299198994817e-06	1.37427359824093e-05	8.94368532188542e-06	1.35245973160218e-05	5.21351412666004e-05	3.05394132942429e-06	9.59810132104776e-06	6.54415999162347e-06	3.70835732858664e-06	3.27207999581174e-06	2.39952533026194e-06	NA	6.32602132523603e-06	NA	0.000971807758756086	1.0688794652985e-05	1.00343786538227e-05	1.04706559865976e-05	3.97012372825158e-05	NA	1.98506186412579e-05	2.137758930597e-05	3.49021866219919e-06	NA	5.88974399246113e-05	NA	NA	5.1480725267438e-05	1.48334293143465e-05	2.50859466345567e-05	6.54415999162347e-06	3.33752159572797e-05	9.37996265466031e-06	6.98043732439837e-06	8.94368532188542e-06	3.75198506186413e-05	3.70835732858664e-06	NA	NA	3.70835732858664e-06	3.70835732858664e-06	1.13432106521474e-05	NA	NA	3.70835732858664e-06	3.27207999581174e-06	3.49021866219919e-06	NA	2.61766399664939e-06	NA	NA	0.000505645428686107	8.00568905641938e-05	NA	6.8495541245659e-05	2.96668586286931e-05	1.63603999790587e-05	3.83924052841911e-05	8.94368532188542e-06	9.16182398827287e-06	5.23532799329878e-06	4.14463466136153e-06	1.5051567980734e-05	NA	1.26520426504721e-05	1.04706559865976e-05	1.91962026420955e-05	7.19857599078582e-06	NA	2.39952533026194e-06	NA	5.01718932691133e-06	NA	3.27207999581174e-06	6.76229865801092e-06	5.67160532607368e-06	1.13432106521474e-05	4.90811999371761e-05	3.05394132942429e-06	NA	0.00209565816798422	7.54759785700574e-05	1.5051567980734e-05	1.37427359824093e-05	6.98043732439837e-06	2.50859466345567e-05	5.88974399246113e-06	3.92649599497409e-06	NA	1.37427359824093e-05	NA	4.23189012791651e-05	1.15613493185348e-05	1.04706559865976e-05	1.17794879849223e-05	7.19857599078582e-06	6.76229865801092e-06	NA	3.70835732858664e-06	NA	NA	NA	NA	9.31452105474408e-05	4.53728426085894e-05	5.45346665968623e-06	3.70835732858664e-06	9.16182398827287e-06	3.11938292934052e-05	1.39608746487967e-05	2.87943039631433e-05	2.3777114636232e-05	1.48334293143465e-05	9.16182398827287e-06	9.81623998743521e-06	0.000140045023820742	1.57059839798963e-05	NA	2.92305812959182e-05	2.44315306353943e-05	7.85299198994817e-06	3.70835732858664e-06	2.61766399664939e-06	NA	NA	2.72673332984311e-05	5.67160532607368e-06	NA	NA	2.44315306353943e-05	NA	NA	0.000112559551855924	4.45002879430396e-05	7.19857599078582e-06	NA	3.27207999581174e-06	NA	1.65785386454461e-05	1.39608746487967e-05	1.74510933109959e-05	2.29045599706822e-05	1.13432106521474e-05	3.27207999581174e-06	2.39952533026194e-06	0.000109287471860112	1.15613493185348e-05	8.07113065633562e-06	3.70835732858664e-06	4.36277332774898e-06	NA	NA	2.83580266303684e-06	3.70835732858664e-06	NA	1.65785386454461e-05	NA	2.39952533026194e-06	NA	9.72898452088023e-05	3.53384639547668e-05	9.37996265466031e-06	4.36277332774898e-06	5.67160532607368e-06	1.30883199832469e-05	NA	0.000190653194422631	3.05394132942429e-06	7.19857599078582e-06	3.27207999581174e-06	0.000296668586286931	3.70835732858664e-06	NA	7.50397012372825e-05	1.22157653176972e-05	NA	NA	2.83580266303684e-06	1.72329546446085e-05	1.26520426504721e-05	3.70835732858664e-06	2.53040853009441e-05	2.22501439715198e-05	1.89780639757081e-05	3.05394132942429e-06	NA	8.26745545608432e-05	6.76229865801092e-06	NA	1.04706559865976e-05	NA	3.27207999581174e-06	6.32602132523603e-06	2.70491946320437e-05	2.00687573076453e-05	NA	0.0023238312130255	3.70835732858664e-06	9.59810132104776e-06	7.85299198994817e-06	2.94487199623056e-05	5.23532799329878e-06	1.09069333193725e-05	NA	7.41671465717327e-06	NA	NA	5.01718932691133e-06	1.17794879849223e-05	1.24339039840846e-05	2.39952533026194e-06	NA	NA	NA	NA	NA	3.27207999581174e-06	2.18138666387449e-06	NA	NA	9.37996265466031e-06	NA	8.94368532188542e-06	4.29733172783275e-05	2.83580266303684e-06	6.2169519920423e-05	0.000147679877144303	8.52922185574926e-05	3.2066383958955e-05	6.32602132523603e-06	2.59585013001065e-05	5.93337172573862e-05	5.88974399246113e-06	5.67160532607368e-06	8.07113065633562e-06	5.01718932691133e-06	6.76229865801092e-06	4.79905066052388e-06	3.27207999581174e-06	NA	4.36277332774898e-06	6.98043732439837e-06	6.54415999162347e-06	3.05394132942429e-06	NA	NA	NA	3.49021866219919e-06	NA	NA	NA	NA	NA	2.72673332984311e-05	2.24682826379073e-05	5.60616372615744e-05	1.91962026420955e-05	7.19857599078582e-06	5.01718932691133e-06	4.77723679388514e-05	8.72554665549797e-06	3.92649599497409e-06	9.16182398827287e-06	1.43971519815716e-05	1.35245973160218e-05	6.54415999162347e-06	NA	9.81623998743521e-06	6.10788265884858e-06	6.10788265884858e-06	5.10444479346631e-05	NA	6.32602132523603e-06	NA	4.58091199413643e-06	4.36277332774898e-06	3.49021866219919e-06	4.79905066052388e-06	NA	4.14463466136153e-06	3.27207999581174e-06	8.94368532188542e-06	3.70835732858664e-06	2.83580266303684e-06	2.18138666387449e-06	NA	NA	4.25370399455526e-05	5.38802505976999e-05	3.79561279514162e-05	1.74510933109959e-05	8.07113065633562e-06	4.36277332774898e-05	0.000225991658377397	6.76229865801092e-06	6.54415999162347e-06	1.76692319773834e-05	1.37427359824093e-05	6.76229865801092e-06	5.23532799329878e-06	2.15957279723575e-05	1.39608746487967e-05	3.70835732858664e-06	1.54878453135089e-05	7.19857599078582e-06	7.63485332356072e-06	1.54878453135089e-05	4.58091199413643e-06	3.05394132942429e-06	5.23532799329878e-06	5.88974399246113e-06	5.23532799329878e-06	2.83580266303684e-06	4.14463466136153e-06	NA	6.32602132523603e-06	6.76229865801092e-06	NA	3.49021866219919e-06	3.92649599497409e-06	5.23532799329878e-06	2.18138666387449e-06	3.27207999581174e-06	7.39490079053453e-05	9.88168158735145e-05	5.91155785909987e-05	4.47184266094271e-05	3.03212746278554e-05	NA	2.09413119731951e-05	8.94368532188542e-06	5.01718932691133e-06	1.41790133151842e-05	7.19857599078582e-06	5.01718932691133e-06	3.27207999581174e-06	4.14463466136153e-06	NA	2.18138666387449e-06	4.36277332774898e-06	5.23532799329878e-06	3.27207999581174e-06	3.92649599497409e-06	3.05394132942429e-06	4.64635359405267e-05	3.68654346194789e-05	3.05394132942429e-06	4.5154703942202e-05	1.17794879849223e-05	3.70835732858664e-06	NA	NA	NA	NA	NA	0.000368654346194789	3.62110186203166e-05	3.70835732858664e-06	6.32602132523603e-06	9.37996265466031e-06	5.45346665968623e-06	5.88974399246113e-06	1.19976266513097e-05	NA	NA	NA	4.36277332774898e-06	9.81623998743521e-06	0.000140481301153517	0.000556471737954383	6.6532293248172e-05	0.000222283301048811	0.000130665061166082	0.000157714255798126	0.00017014815978221	3.03212746278554e-05	4.79905066052388e-06	4.58091199413643e-06	2.15957279723575e-05	6.10788265884858e-06	0.000274854719648186	6.10788265884858e-06	8.94368532188542e-06	1.04706559865976e-05	4.79905066052388e-06	4.36277332774898e-06	3.92649599497409e-06	NA	NA	0.000358183690208192	2.00687573076453e-05	3.27207999581174e-06	1.76692319773834e-05	3.27207999581174e-06	0.000142226410484617	2.61766399664939e-06	3.49021866219919e-06	0.000185417866429332	6.76229865801092e-06	1.52697066471214e-05	8.50740798911052e-06	4.79905066052388e-06	8.68191892222048e-05	2.33408373034571e-05	1.98506186412579e-05	9.81623998743521e-06	NA	NA	0.000191307610421793	1.5051567980734e-05	8.28926932272307e-06	2.39952533026194e-06	NA	2.61766399664939e-05	5.23532799329878e-06	NA	1.0688794652985e-05	NA	9.88168158735145e-05	1.04706559865976e-05	4.66816746069141e-05	5.01718932691133e-06	4.14463466136153e-06	1.09069333193725e-05	0.000186290421094882	1.00343786538227e-05	0.000160550058461163	0.000323499642252587	1.59241226462838e-05	3.05394132942429e-06	5.23532799329878e-06	6.32602132523603e-06	NA	0.000104270282533201	1.11250719857599e-05	3.70835732858664e-06	2.83580266303684e-06	1.22157653176972e-05	NA	2.18138666387449e-06	NA	NA	2.137758930597e-05	NA	NA	NA	1.48334293143465e-05	NA	8.72554665549797e-06	NA	6.10788265884858e-06	1.65785386454461e-05	NA	1.57059839798963e-05	NA	7.63485332356072e-06	3.0103135961468e-05	NA	4.36277332774898e-06	NA	NA	NA	0.00212183480795072	0.000585702319250301	3.05394132942429e-06	NA	4.60272586077518e-05	4.58091199413643e-06	5.45346665968623e-06	4.79905066052388e-06	NA	NA	NA	4.79905066052388e-06	7.91843358986441e-05	5.40983892640874e-05	1.37427359824093e-05	1.35245973160218e-05	1.61422613126712e-05	3.0103135961468e-05	1.11250719857599e-05	5.01718932691133e-06	1.9414341308483e-05	4.79905066052388e-06	NA	NA	2.3777114636232e-05	4.14463466136153e-06	3.92649599497409e-06	1.57059839798963e-05	NA	6.76229865801092e-06	NA	NA	1.61422613126712e-05	NA	NA	3.05394132942429e-06	NA	NA	7.41671465717327e-06	NA	NA	6.54415999162347e-06	NA	NA	4.79905066052388e-06	4.79905066052388e-06	1.24339039840846e-05	2.83580266303684e-06	NA	NA	4.14463466136153e-06	8.50740798911052e-06	NA	2.39952533026194e-06	NA	3.27207999581174e-06	NA	NA	NA	3.49021866219919e-06	4.58091199413643e-06	2.83580266303684e-06	NA	NA	2.18138666387449e-06	NA	NA	NA	NA	2.18138666387449e-06	3.70835732858664e-06	NA	2.39952533026194e-06	NA	2.39952533026194e-06	NA	NA	NA	NA	NA	NA	2.61766399664939e-06	NA	NA	NA	NA	NA	NA	NA	NA	NA	NA	2.39952533026194e-06	NA	NA	NA	NA	2.18138666387449e-06	NA	3.27207999581174e-06	NA	NA	2.18138666387449e-06	3.49021866219919e-06	NA	NA	2.61766399664939e-06	NA	NA	NA	NA	NA	NA	NA	NA	NA	NA	NA	NA	2.39952533026194e-06	6.54415999162347e-06	3.05394132942429e-06	NA	NA	4.58091199413643e-06	2.18138666387449e-06	NA	NA	2.61766399664939e-06	NA	2.61766399664939e-06	1.15613493185348e-05	3.27207999581174e-06	1.57059839798963e-05	NA	2.18138666387449e-06	NA	NA	NA	2.61766399664939e-06	NA	NA	NA	NA	NA	NA	NA	NA	NA	NA	5.01718932691133e-06	NA	NA	3.05394132942429e-06	5.45346665968623e-06	NA	NA	NA	NA	2.61766399664939e-06	NA	NA	4.14463466136153e-06	2.61766399664939e-06	NA	NA	NA	NA	NA	NA	NA	NA	NA	NA	3.92649599497409e-06	NA	NA	NA	NA	2.61766399664939e-06	NA	NA	NA	NA	3.05394132942429e-06	NA	2.39952533026194e-06	NA	NA	NA	2.18138666387449e-06	NA	NA	NA	2.39952533026194e-06	NA	2.83580266303684e-06	NA	NA	NA	NA	5.01718932691133e-06	NA	NA	NA	NA	NA	NA	NA	2.20320053051324e-05	NA	NA	NA	NA	NA	3.05394132942429e-06	3.92649599497409e-06	NA	NA	NA	NA	NA	NA	NA	6.54415999162347e-06	NA	2.39952533026194e-06	NA	NA	3.05394132942429e-06	NA	NA	NA	NA	3.70835732858664e-06	NA	NA	3.27207999581174e-06	NA	5.01718932691133e-06	NA	NA	NA	2.39952533026194e-06	4.58091199413643e-06	4.14463466136153e-06	NA	2.83580266303684e-06	4.36277332774898e-06	5.23532799329878e-06	NA	NA	4.14463466136153e-06	6.98043732439837e-06	2.18138666387449e-06	6.32602132523603e-06	NA	NA	0.000119539989180322	NA	NA	3.70835732858664e-06	2.18138666387449e-06	NA	NA	NA	NA	NA	NA	NA	NA	NA	NA	2.61766399664939e-06	2.83580266303684e-06	NA	NA	NA	2.83580266303684e-06	NA	NA	NA	2.18138666387449e-06	NA	NA	NA	NA	NA	1.15613493185348e-05	NA	NA	NA	1.24339039840846e-05	NA	6.76229865801092e-06	NA	NA	NA	NA	NA	NA	NA	3.70835732858664e-06	NA	NA	NA	NA	NA	NA	5.23532799329878e-06	NA	NA	NA	NA	NA	2.39952533026194e-06	NA	NA	NA	NA	NA	2.39952533026194e-06	NA	2.83580266303684e-06	NA	NA	NA	2.61766399664939e-06	NA	2.39952533026194e-06	NA	NA	NA	NA	NA	NA	NA	NA	NA	NA	NA	NA	NA	NA	NA	NA	NA	NA	3.05394132942429e-06	NA	3.49021866219919e-06	NA	NA	NA	3.05394132942429e-06	NA	2.83580266303684e-06	NA	NA	NA	NA	NA	NA	NA	NA	3.49021866219919e-06	NA	NA	NA	NA	NA	NA	NA	2.61766399664939e-06	NA	NA	8.07113065633562e-06	2.39952533026194e-06	2.39952533026194e-06	NA	2.61766399664939e-06	NA	NA	NA	3.70835732858664e-06	NA	5.67160532607368e-06	NA	NA	NA	NA	NA	NA	NA	NA	NA	NA	NA	4.79905066052388e-06	NA	NA	NA	NA	NA	NA	NA	NA	NA	NA	NA	NA	NA	NA	NA	NA	NA	NA	NA	2.39952533026194e-06	2.83580266303684e-06	NA	NA	NA	NA	NA	NA	NA	NA	NA	NA	NA	NA	NA	2.39952533026194e-06	6.32602132523603e-06	NA	NA	NA	NA	6.76229865801092e-06	NA	NA	3.49021866219919e-06	NA	5.67160532607368e-06	NA	NA	NA	3.92649599497409e-06	NA	NA	NA	NA	3.49021866219919e-06	5.01718932691133e-06	3.70835732858664e-06	NA	NA	NA	NA	2.39952533026194e-06	4.14463466136153e-06	2.83580266303684e-06	NA	NA	3.05394132942429e-06	NA	2.61766399664939e-06	NA	4.79905066052388e-06	NA	NA	NA	NA	NA	NA	NA	NA	3.05394132942429e-06	NA	NA	NA	NA	NA	NA	NA	NA	NA	NA	NA	2.61766399664939e-06	NA	NA	NA	5.45346665968623e-06	2.39952533026194e-06	5.01718932691133e-06	NA	NA	NA	NA	NA	3.05394132942429e-06	NA	2.61766399664939e-06	2.66129172992688e-05	NA	NA	NA	3.92649599497409e-06	NA	NA	NA	3.49021866219919e-06	3.49021866219919e-06	4.79905066052388e-06	NA	3.05394132942429e-06	NA	NA	3.70835732858664e-06	NA	NA	NA	5.23532799329878e-06	2.61766399664939e-06	NA	NA	3.49021866219919e-06	8.72554665549797e-06	7.19857599078582e-06	3.92649599497409e-06	NA	NA	NA	NA	NA	NA	NA	NA	NA	NA	NA	NA	NA	NA	NA	NA	NA	NA	NA	NA	NA	NA	NA	NA	NA	NA	NA	NA	NA	NA	3.05394132942429e-06	NA	NA	2.39952533026194e-06	NA	NA	2.61766399664939e-06	NA	NA	NA	NA	NA	NA	NA	NA	NA	NA	NA	NA	NA	NA	NA	NA	NA	NA	NA	NA	NA	NA	NA	NA	2.39952533026194e-06	NA	2.61766399664939e-06	NA	NA	NA	NA	NA	3.49021866219919e-06	NA	NA	NA	NA	2.18138666387449e-06	NA	NA	NA	NA	NA	NA	NA	NA	NA	NA	NA	NA	NA	NA	NA	NA	3.27207999581174e-06	NA	NA	NA	5.01718932691133e-06	NA	NA	2.61766399664939e-06	NA	NA	NA	NA	NA	NA	NA	NA	NA	NA	NA	NA	NA	NA	NA	NA	NA	NA	NA	NA	NA	NA	NA	NA	NA	NA	NA	NA	NA	NA	NA	NA	NA	NA	NA	NA	NA	NA	NA	NA	NA	3.49021866219919e-06	NA	NA	NA	NA	NA	NA	NA	NA	NA	NA	NA	NA	NA	NA	NA	NA	NA	NA	2.61766399664939e-06	2.61766399664939e-06	NA	2.61766399664939e-06	NA	NA	NA	NA	NA	2.83580266303684e-06	NA	NA	NA	NA	3.05394132942429e-06	NA	NA	NA	NA	NA	NA	NA	NA	NA	NA	NA	NA	NA	NA	NA	NA	NA	NA	NA	NA	NA	NA	NA	NA	NA	NA	NA	NA	NA	NA	NA	NA	NA	NA	NA	NA	NA	NA	NA	NA	NA	NA	NA	NA	NA	NA	NA	NA	NA	NA	NA	NA	NA	NA	NA	NA	NA	NA	NA	NA	NA	NA	NA	NA	NA	NA	NA	NA	NA	NA	NA	NA	NA	NA	NA	NA	NA	NA	NA	NA	NA	NA	NA	NA	NA	NA	NA	NA	NA	NA	NA	NA	NA	NA	NA	NA	NA	NA	NA	NA	NA	NA	NA	NA	NA	NA	NA	NA	NA	NA	NA	NA	NA	NA	NA	NA	NA	NA	NA	NA	NA	NA	NA	NA	NA	NA	NA	NA	NA	NA	NA	NA	NA	NA	NA	NA	NA	NA	NA	NA	NA	NA	NA	NA	NA	NA	NA	NA	NA	NA	NA	NA	NA	NA	NA	NA	NA	NA	NA	NA	NA	NA	NA	NA	NA	NA	NA	NA	NA	NA	NA	NA	NA	NA	NA	NA	NA	NA	NA	NA	NA	NA	NA	NA	NA	NA	NA	NA	NA	NA	NA	NA	NA	NA	NA	NA	NA	NA	NA	NA	NA	NA	NA	NA	NA	NA	NA	NA	NA	NA	NA	NA	NA	NA	NA	NA	NA	NA	NA	NA	NA	NA	NA	NA	NA	NA	NA	NA	NA	NA	NA	NA	NA	NA	NA	NA	NA	NA	NA	NA	NA	NA	NA	NA	NA	NA	NA	NA	NA	NA	NA	NA	NA	NA	NA	NA	NA	NA	NA	NA	NA	NA	NA	NA	NA	NA	NA	NA	NA	NA	NA	NA	NA	NA	NA	NA	NA	NA	NA	NA	NA	NA	NA	NA	NA	NA	NA	NA	NA	NA	NA	NA	NA	NA	NA	NA	NA	NA	NA	NA	NA	NA	NA	NA	NA	NA	NA	NA	NA	NA	NA	NA	NA	NA	NA	NA	NA	NA	NA	NA	NA	NA	NA	NA	NA	NA	NA	NA	NA	NA	NA	NA	NA	NA	NA	NA	NA	NA	NA	NA	NA	NA	NA	NA	NA	NA	NA	NA	NA	NA	NA	NA	NA	NA	NA	NA	NA	NA	NA	NA	NA	NA	NA	NA	NA	NA	NA	NA	NA	NA	NA	NA	NA	NA	NA	NA	NA	NA	NA	NA	NA	NA	NA	NA	NA	NA	NA	NA	NA	NA	NA	NA	NA	NA	NA	NA	NA	NA	NA	NA	NA	NA	NA	NA	NA	NA	NA	NA	NA	NA	NA	NA	NA	NA	NA	NA	NA	NA	NA	NA	NA	NA	NA	NA	NA	NA	NA	NA	NA	NA	NA	NA	NA	NA	NA	NA	NA	NA	NA	NA	NA	NA	NA	NA	NA	NA	NA	NA	NA	NA	NA	NA	NA	NA	NA	NA	NA	NA	NA	NA	NA	NA	NA	NA	NA	NA	NA	NA	NA	NA	NA	NA	NA	NA	NA	NA	NA	NA	NA	NA	NA	NA	NA	NA	NA	NA	NA	NA	NA
SLC_SMT_NEG_160J	0.00677071783701782	0.194162302417107	0.0585137580074567	6.63186320124182e-05	NA	0.000971982450432004	0.000109840234270568	0.036058683699502	0.055065189142811	0.020117342529517	0.059674334067674	6.0101260261254e-05	0.0198251260572123	0.00037511476232024	0.0158542979654687	0.000136782178525612	0.000211390639539583	0.0241544892532729	0.000225897840292299	0.000113985148771344	NA	NA	NA	NA	7.46084610139704e-05	0.0016330963133058	0.00363301755993028	0.00134709721275224	0.000213463096789971	3.1086858755821e-05	3.31593160062091e-05	0.000153361836528717	5.18114312597017e-05	NA	0.00165174842855929	0.00433558056781184	0.000891156617666869	0.000468375338587703	0.000109840234270568	5.38838885100898e-05	2.48694870046568e-05	3.1086858755821e-05	NA	NA	NA	NA	NA	0.000422781279079166	6.63186320124182e-05	NA	0.00147144464777553	8.91156617666869e-05	3.1086858755821e-05	0.00124140189298245	NA	NA	NA	NA	3.73042305069852e-05	2.27970297542687e-05	NA	NA	0.000140927093026389	2.48694870046568e-05	NA	NA	NA	NA	NA	NA	NA	NA	NA	NA	NA	0.000203100810538031	NA	NA	NA	NA	NA	0.00901104412468732	0.00464644915537005	0.00037511476232024	0.000145072007527165	0.000176158866282986	0.000111912691520956	0.000161651665530269	0.000149216922027941	0.000145072007527165	8.49707472659108e-05	3.73042305069852e-05	0.000105695319769791	3.93766877573733e-05	7.04635465131943e-05	4.55940595085375e-05	3.73042305069852e-05	2.90144015054329e-05	2.07245725038807e-05	NA	NA	NA	NA	NA	NA	NA	0.123675958874158	0.0062173717511642	0.0292299370594733	0.00493037579867321	0.00839759677857245	0.00042899865083033	0.000555418543104002	0.0011294892014615	0.000820693071153675	0.000640389290369913	0.000472520253088479	0.000412418992827225	0.000254912241797732	3.31593160062091e-05	0.000142999550276777	0.000149216922027941	0.00018237623803415	9.74054907682392e-05	4.35216022581494e-05	7.46084610139704e-05	4.35216022581494e-05	3.31593160062091e-05	6.0101260261254e-05	3.93766877573733e-05	NA	4.35216022581494e-05	NA	3.1086858755821e-05	NA	NA	NA	NA	NA	0.0281190999732653	0.0193567507186246	0.041623231416794	0.00155227048054066	0.00147973447677708	0.00184241449559499	0.00183412466659344	0.00092224347642269	0.00257606436223237	0.000636244375869137	0.00023626012654424	3.52317732565971e-05	0.00023626012654424	0.000302578758556658	0.00049324482559236	0.000196883438786866	4.76665167589256e-05	8.70432045162988e-05	0.000122274977772896	0.00031086858755821	5.18114312597017e-05	5.18114312597017e-05	7.04635465131943e-05	7.25360037635824e-05	2.69419442550449e-05	2.90144015054329e-05	7.04635465131943e-05	3.52317732565971e-05	8.08258327651346e-05	3.93766877573733e-05	3.52317732565971e-05	3.93766877573733e-05	4.55940595085375e-05	3.1086858755821e-05	3.31593160062091e-05	NA	0.000122274977772896	NA	2.48694870046568e-05	NA	5.18114312597017e-05	NA	NA	NA	3.73042305069852e-05	2.07245725038807e-05	NA	NA	3.31593160062091e-05	NA	2.48694870046568e-05	3.93766877573733e-05	NA	NA	NA	NA	NA	0.0158874572814749	0.0166853533228743	0.00983173719584099	0.0100099685193744	0.0105861116349822	0.00182790729484228	0.00339261251888527	0.000828982900155227	0.000702563007881555	0.000140927093026389	0.0013201552684972	0.000147144464777553	0.000238332583794628	0.000122274977772896	0.000238332583794628	0.000105695319769791	0.000130564806774448	0.000196883438786866	0.000217608011290747	0.000155434293779105	9.74054907682392e-05	0.00017201395178221	7.04635465131943e-05	0.000145072007527165	8.08258327651346e-05	7.87533755147466e-05	4.14491450077614e-05	0.000124347435023284	6.83910892628062e-05	4.97389740093136e-05	9.3260576267463e-05	3.73042305069852e-05	6.42461747620301e-05	6.83910892628062e-05	6.63186320124182e-05	0.000113985148771344	5.18114312597017e-05	5.59563457604778e-05	2.90144015054329e-05	3.1086858755821e-05	3.1086858755821e-05	4.14491450077614e-05	NA	2.27970297542687e-05	NA	8.08258327651346e-05	2.27970297542687e-05	4.14491450077614e-05	4.35216022581494e-05	2.48694870046568e-05	2.90144015054329e-05	2.48694870046568e-05	NA	NA	2.48694870046568e-05	NA	2.69419442550449e-05	NA	NA	2.48694870046568e-05	4.55940595085375e-05	NA	2.07245725038807e-05	NA	NA	NA	NA	NA	NA	0.0104037353969481	0.00236052880819201	0.000652824033872241	0.00110669217170723	0.000391694420323345	0.000194810981536478	0.000283926643303165	9.53330335178511e-05	0.000219680468541135	9.74054907682392e-05	9.3260576267463e-05	6.63186320124182e-05	NA	NA	NA	4.76665167589256e-05	0.00341955446314031	0.0279180716199777	0.00306930918782473	0.00096576507868084	0.00100928668093899	0.00104451845419559	0.000661113862873794	5.38838885100898e-05	0.000111912691520956	0.000126419892273672	3.73042305069852e-05	2.69419442550449e-05	2.07245725038807e-05	5.18114312597017e-05	NA	NA	NA	NA	2.07245725038807e-05	0.000808258327651346	8.91156617666869e-05	0.00209939919464311	0.000105695319769791	9.1188119017075e-05	NA	NA	NA	NA	NA	0.000198955896037254	0.000186521152534926	9.1188119017075e-05	0.000124347435023284	8.91156617666869e-05	NA	NA	NA	8.08258327651346e-05	0.000271491899800837	NA	NA	0.000147144464777553	3.73042305069852e-05	2.07245725038807e-05	NA	NA	NA	NA	0.000395839334824121	0.000178231323533374	0.000136782178525612	8.49707472659108e-05	4.35216022581494e-05	3.31593160062091e-05	2.90144015054329e-05	2.69419442550449e-05	NA	3.1086858755821e-05	NA	NA	NA	NA	2.69419442550449e-05	9.3260576267463e-05	6.2173717511642e-05	3.31593160062091e-05	2.27970297542687e-05	NA	NA	NA	NA	NA	0.00010776777702018	3.52317732565971e-05	5.18114312597017e-05	NA	NA	NA	0.000377187219570628	NA	8.49707472659108e-05	2.27970297542687e-05	NA	NA	0.000559563457604778	0.000248694870046568	0.000223825383041911	NA	0.000140927093026389	NA	4.35216022581494e-05	2.48694870046568e-05	NA	3.1086858755821e-05	0.000634171918618749	6.83910892628062e-05	4.55940595085375e-05	0.000151289379278329	4.35216022581494e-05	3.52317732565971e-05	NA	NA	2.69419442550449e-05	NA	3.1086858755821e-05	NA	NA	6.83910892628062e-05	NA	NA	0.000395839334824121	4.14491450077614e-05	NA	NA	NA	9.53330335178511e-05	NA	0.00010776777702018	NA	NA	0.000312941044808598	4.76665167589256e-05	3.31593160062091e-05	NA	NA	NA	NA	NA	NA	5.59563457604778e-05	0.000489099911091584	7.04635465131943e-05	NA	NA	NA	0.000366824933318688	NA	NA	NA	4.14491450077614e-05	NA	0.000109840234270568	NA	NA	NA	NA	NA	NA	NA	NA	NA	NA	NA	0.00041863636457839	0.000136782178525612	NA	NA	NA	NA	NA	0.000773026554394749	NA	NA	0.000136782178525612	NA	2.90144015054329e-05	NA	4.55940595085375e-05	0.00128906840974138	0.00103622862519403	NA	0.000219680468541135	0.00106731548394985	3.52317732565971e-05	NA	9.3260576267463e-05	NA	0.00174708146207714	0.00136782178525612	7.66809182643585e-05	NA	NA	NA	NA	NA	NA	NA	0.000640389290369913	0.000831055357405615	4.55940595085375e-05	0.000140927093026389	3.93766877573733e-05	2.90144015054329e-05	5.38838885100898e-05	0.000516041855346629	NA	NA	NA	NA	NA	7.66809182643585e-05	NA	NA	7.66809182643585e-05	3.1086858755821e-05	0.000194810981536478	4.55940595085375e-05	NA	NA	NA	NA	NA	NA	2.07245725038807e-05	NA	NA	NA	0.000337810531813255	0.000109840234270568	NA	NA	NA	NA	0.000808258327651346	0.000808258327651346	0.00012849234952406	7.46084610139704e-05	NA	2.07245725038807e-05	NA	0.00112741674421111	NA	NA	3.31593160062091e-05	3.73042305069852e-05	7.25360037635824e-05	NA	4.97389740093136e-05	NA	NA	NA	NA	2.90144015054329e-05	NA	NA	NA	3.73042305069852e-05	NA	NA	2.27970297542687e-05	NA	NA	NA	NA	8.70432045162988e-05	NA	0.000470447795838091	NA	3.73042305069852e-05	NA	0.000661113862873794	0.000244549955545792	NA	0.000165796580031045	3.73042305069852e-05	2.07245725038807e-05	NA	0.00037511476232024	2.07245725038807e-05	NA	NA	NA	9.1188119017075e-05	0.000190666067035702	NA	NA	NA	8.70432045162988e-05	NA	NA	2.48694870046568e-05	0.000279781728802389	NA	NA	NA	NA	NA	NA	NA	NA	NA	0.000140927093026389	0.000319158416559762	NA	2.48694870046568e-05	0.000159579208279881	0.000285999100553553	0.000777171468895525	NA	NA	NA	NA	NA	NA	NA	3.52317732565971e-05	2.48694870046568e-05	NA	NA	NA	NA	NA	NA	NA	NA	0.000725360037635824	0.00010776777702018	6.2173717511642e-05	NA	2.27970297542687e-05	NA	2.90144015054329e-05	NA	3.31593160062091e-05	NA	5.38838885100898e-05	NA	NA	NA	NA	0.000244549955545792	0.000116057606021732	7.46084610139704e-05	NA	NA	NA	NA	NA	NA	NA	NA	NA	NA	0.000594795230861375	NA	NA	NA	NA	4.76665167589256e-05	0.000140927093026389	0.000180303780783762	4.97389740093136e-05	3.31593160062091e-05	NA	NA	8.28982900155227e-05	NA	NA	7.25360037635824e-05	6.83910892628062e-05	NA	2.90144015054329e-05	4.55940595085375e-05	3.52317732565971e-05	NA	2.27970297542687e-05	NA	NA	NA	NA	NA	NA	0.000157506751029493	3.93766877573733e-05	NA	NA	NA	NA	4.35216022581494e-05	NA	4.55940595085375e-05	NA	NA	NA	NA	5.80288030108659e-05	NA	NA	NA	2.48694870046568e-05	NA	NA	NA	NA	NA	NA	NA	NA	NA	NA	0.000116057606021732	2.90144015054329e-05	NA	NA	NA	NA	0.00012849234952406	NA	NA	NA	7.04635465131943e-05	NA	NA	0.000180303780783762	2.27970297542687e-05	NA	NA	NA	3.93766877573733e-05	NA	0.000165796580031045	NA	3.52317732565971e-05	3.31593160062091e-05	4.14491450077614e-05	NA	NA	NA	NA	NA	NA	NA	NA	6.63186320124182e-05	9.3260576267463e-05	NA	0.000304651215807046	NA	NA	2.69419442550449e-05	NA	NA	NA	NA	NA	NA	NA	NA	NA	NA	NA	NA	NA	NA	NA	NA	NA	NA	NA	NA	3.52317732565971e-05	NA	NA	0.00149009676302902	NA	0.000567853286606331	0.000283926643303165	0.000329520702811703	4.97389740093136e-05	0.000196883438786866	8.91156617666869e-05	0.000188593609785314	NA	5.18114312597017e-05	5.18114312597017e-05	2.27970297542687e-05	4.55940595085375e-05	2.69419442550449e-05	4.97389740093136e-05	4.55940595085375e-05	3.31593160062091e-05	3.73042305069852e-05	NA	2.90144015054329e-05	NA	2.27970297542687e-05	NA	3.31593160062091e-05	3.1086858755821e-05	NA	NA	2.27970297542687e-05	NA	0.000116057606021732	0.00134916967000263	0.00025698469904812	6.2173717511642e-05	2.48694870046568e-05	0.000132637264024836	0.00041863636457839	4.55940595085375e-05	2.48694870046568e-05	0.000283926643303165	9.1188119017075e-05	0.00012849234952406	2.27970297542687e-05	NA	NA	9.3260576267463e-05	NA	0.000113985148771344	0.000140927093026389	6.2173717511642e-05	8.49707472659108e-05	NA	4.55940595085375e-05	NA	2.27970297542687e-05	3.73042305069852e-05	3.1086858755821e-05	6.83910892628062e-05	2.90144015054329e-05	2.48694870046568e-05	2.48694870046568e-05	NA	2.27970297542687e-05	NA	8.49707472659108e-05	2.48694870046568e-05	0.000242477498295404	NA	0.00120824257697624	2.69419442550449e-05	NA	9.3260576267463e-05	2.90144015054329e-05	7.87533755147466e-05	5.59563457604778e-05	NA	NA	4.35216022581494e-05	3.31593160062091e-05	8.28982900155227e-05	NA	7.04635465131943e-05	3.93766877573733e-05	NA	NA	2.69419442550449e-05	2.69419442550449e-05	NA	0.00010776777702018	NA	NA	NA	NA	NA	NA	NA	NA	NA	NA	NA	9.1188119017075e-05	0.000317085959309374	0.000370969847819464	0.000138854635776001	0.000462157966836539	NA	2.90144015054329e-05	0.00125798155098556	NA	4.35216022581494e-05	0.000109840234270568	0.000109840234270568	NA	4.14491450077614e-05	NA	NA	NA	2.27970297542687e-05	NA	NA	NA	NA	NA	NA	7.46084610139704e-05	6.83910892628062e-05	0.000223825383041911	6.2173717511642e-05	NA	NA	0.000130564806774448	NA	6.63186320124182e-05	0.000153361836528717	0.000588577859110211	0.000323303331060539	NA	NA	NA	NA	NA	NA	4.76665167589256e-05	NA	9.3260576267463e-05	0.000178231323533374	4.97389740093136e-05	NA	0.000138854635776001	6.83910892628062e-05	0.00042899865083033	2.27970297542687e-05	NA	0.000617592260615644	0.000217608011290747	3.1086858755821e-05	NA	5.38838885100898e-05	2.07245725038807e-05	NA	2.90144015054329e-05	NA	NA	NA	NA	NA	NA	5.80288030108659e-05	4.55940595085375e-05	3.31593160062091e-05	2.07245725038807e-05	0.000410346535576837	NA	NA	0.000325375788310927	NA	0.000130564806774448	3.31593160062091e-05	3.52317732565971e-05	8.70432045162988e-05	5.18114312597017e-05	2.69419442550449e-05	NA	NA	NA	0.000238332583794628	4.76665167589256e-05	3.93766877573733e-05	NA	NA	2.69419442550449e-05	NA	NA	NA	NA	0.000221752925791523	NA	0.000281854186052777	0.000373042305069852	NA	NA	0.00079375112689863	3.31593160062091e-05	0.000219680468541135	0.000242477498295404	NA	NA	NA	5.59563457604778e-05	NA	0.000317085959309374	NA	NA	NA	3.31593160062091e-05	NA	NA	NA	2.07245725038807e-05	0.000213463096789971	NA	NA	NA	2.48694870046568e-05	NA	NA	NA	NA	2.69419442550449e-05	0.000180303780783762	NA	NA	NA	NA	NA	NA	NA	0.000741939695638928	0.000215535554040359	NA	0.00388585734447763	NA	0.000167869037281433	2.90144015054329e-05	NA	2.69419442550449e-05	NA	NA	5.18114312597017e-05	NA	NA	NA	NA	9.1188119017075e-05	NA	NA	NA	6.2173717511642e-05	NA	9.94779480186272e-05	NA	NA	NA	0.000149216922027941	NA	NA	NA	NA	NA	NA	NA	NA	NA	NA	4.76665167589256e-05	NA	NA	3.1086858755821e-05	NA	NA	NA	NA	NA	NA	NA	NA	2.07245725038807e-05	NA	NA	NA	NA	NA	NA	NA	NA	NA	NA	NA	NA	NA	NA	NA	NA	NA	NA	NA	NA	NA	NA	NA	NA	NA	NA	NA	NA	NA	NA	NA	NA	NA	NA	NA	NA	NA	NA	NA	NA	NA	NA	NA	NA	NA	NA	NA	NA	NA	NA	NA	NA	NA	NA	NA	2.07245725038807e-05	NA	NA	NA	NA	NA	NA	NA	NA	NA	NA	NA	NA	NA	NA	NA	NA	NA	NA	NA	NA	NA	NA	NA	NA	NA	NA	NA	NA	NA	NA	NA	NA	NA	NA	NA	NA	NA	NA	NA	NA	NA	NA	NA	NA	NA	NA	NA	NA	NA	NA	NA	NA	NA	NA	NA	NA	NA	NA	NA	NA	NA	NA	NA	NA	NA	NA	NA	NA	NA	NA	NA	NA	NA	NA	NA	NA	NA	NA	NA	NA	NA	NA	NA	NA	NA	NA	NA	NA	NA	NA	NA	NA	NA	NA	NA	NA	NA	NA	NA	NA	NA	NA	NA	NA	NA	NA	NA	NA	NA	NA	NA	NA	NA	NA	NA	NA	NA	NA	NA	NA	NA	NA	NA	NA	NA	NA	NA	NA	NA	NA	NA	NA	NA	NA	NA	NA	NA	NA	0.000111912691520956	NA	NA	NA	NA	NA	2.27970297542687e-05	0.000271491899800837	NA	NA	NA	NA	NA	NA	NA	NA	NA	NA	NA	NA	NA	NA	NA	NA	NA	NA	NA	NA	NA	NA	NA	NA	NA	NA	NA	NA	NA	NA	NA	NA	NA	NA	NA	NA	NA	NA	NA	NA	NA	NA	NA	2.07245725038807e-05	NA	NA	NA	NA	NA	NA	NA	NA	NA	NA	NA	NA	NA	NA	NA	NA	NA	NA	NA	NA	NA	NA	NA	NA	NA	NA	NA	NA	NA	NA	NA	NA	NA	NA	NA	NA	NA	NA	NA	NA	2.69419442550449e-05	NA	NA	NA	NA	NA	NA	NA	NA	NA	NA	NA	NA	NA	NA	NA	0.000379259676821016	NA	NA	NA	NA	NA	2.27970297542687e-05	NA	NA	NA	NA	NA	NA	NA	NA	NA	NA	NA	NA	NA	NA	NA	NA	NA	NA	NA	NA	NA	NA	NA	NA	NA	NA	NA	NA	NA	NA	NA	NA	NA	NA	NA	NA	NA	NA	NA	NA	NA	NA	NA	NA	NA	NA	NA	NA	NA	NA	NA	NA	NA	NA	NA	NA	NA	NA	NA	NA	NA	NA	NA	NA	NA	NA	NA	NA	NA	NA	NA	NA	NA	NA	NA	NA	3.1086858755821e-05	NA	2.90144015054329e-05	NA	NA	NA	NA	NA	NA	NA	NA	NA	NA	NA	NA	NA	NA	NA	NA	NA	NA	NA	NA	NA	NA	NA	NA	NA	NA	NA	NA	NA	NA	NA	NA	NA	NA	NA	NA	NA	NA	NA	NA	NA	NA	NA	NA	NA	NA	NA	3.31593160062091e-05	8.91156617666869e-05	NA	NA	NA	NA	NA	NA	NA	NA	NA	NA	NA	NA	NA	NA	NA	NA	NA	NA	NA	NA	NA	NA	NA	NA	NA	NA	NA	NA	NA	NA	NA	NA	NA	NA	NA	NA	NA	NA	NA	NA	NA	NA	NA	NA	NA	NA	NA	NA	NA	NA	NA	NA	NA	NA	NA	4.76665167589256e-05	3.1086858755821e-05	2.90144015054329e-05	NA	NA	NA	NA	NA	NA	NA	NA	9.1188119017075e-05	NA	NA	NA	NA	NA	NA	NA	NA	NA	NA	NA	NA	NA	3.73042305069852e-05	NA	3.52317732565971e-05	NA	NA	NA	NA	NA	NA	NA	NA	NA	NA	NA	NA	NA	NA	NA	NA	NA	NA	NA	NA	NA	8.70432045162988e-05	NA	NA	NA	NA	NA	NA	NA	NA	NA	NA	NA	NA	NA	NA	NA	NA	NA	NA	NA	NA	NA	NA	NA	NA	NA	NA	NA	NA	NA	NA	NA	NA	NA	NA	NA	NA	NA	NA	NA	NA	NA	NA	NA	NA	NA	NA	NA	NA	NA	NA	NA	NA	NA	NA	NA	NA	NA	NA	NA	NA	NA	NA	NA	NA	NA	NA	NA	NA	NA	NA	NA	NA	NA	NA	NA	NA	NA	NA	NA	NA	NA	NA	NA	NA	NA	NA	NA	NA	NA	NA	NA	NA	NA	NA	NA	NA	NA	NA	NA	NA	NA	NA	NA	NA	NA	NA	NA	NA	NA	NA	NA	NA	NA	NA	NA	NA	NA	NA	NA	NA	NA	NA	NA	NA	NA	NA	NA	NA	NA	NA	NA	NA	NA	NA	NA	NA	NA	NA	NA	NA	NA	NA	NA	NA	NA	NA	NA	NA	NA	NA	NA	NA	NA	NA	NA	NA	NA	NA	NA	NA	NA	NA	NA	NA	NA	NA	NA	NA	NA	NA	NA	NA	NA	NA	NA	NA	NA	NA	NA	NA	NA	NA	NA	NA	NA	NA	NA	NA	NA	NA	NA	NA	NA	NA	NA	NA	NA	NA	NA	NA	NA	NA	NA	NA	NA	NA	NA	NA	NA	NA	NA	NA	NA	NA	NA	NA	NA	NA	NA	NA	NA	NA	NA	NA	NA	NA	NA	NA	NA	NA	NA	NA	NA	NA	NA	NA	NA	NA	NA	NA	NA	NA	NA	NA	NA	NA	NA	NA	NA	NA	NA	NA	NA	NA	NA	NA	NA	NA	NA	NA	NA	NA	NA	NA	NA	NA	NA	NA	NA	NA	NA	NA	NA	NA	NA	NA	NA	NA	NA	NA	NA	NA	NA	NA	NA	NA	NA	NA	NA	NA	NA	NA	NA	NA	NA	NA	NA	NA	NA	NA	NA	NA	NA	NA	NA	NA	NA	NA	NA	NA	NA	NA	NA	NA	NA	NA	NA	NA	NA	NA	NA	NA	NA	NA	NA	NA	NA	NA	NA	NA	NA	NA	NA	NA	NA	NA	NA	NA	NA	NA	NA	NA	NA	NA	NA	NA	NA	NA	NA	NA	NA	NA	NA	NA	NA	NA	NA	NA	NA	NA	NA	NA	NA	NA	NA	NA	NA	NA	NA	NA	NA	NA	NA	NA	NA	NA	NA	NA	NA	NA	NA	NA	NA	NA	NA	NA	NA	NA	NA	NA	NA	NA	NA	NA	NA	NA	NA	NA	NA	NA	NA	NA	NA	NA	NA	NA	NA	NA	NA	NA	NA	NA	NA	NA	NA	NA	NA	NA	NA	NA	NA	NA	NA	NA	NA	NA	NA	NA	NA	NA	NA	NA	NA	NA	NA	NA	NA	NA	NA	NA	NA	NA	NA	NA	NA	NA	NA	NA	NA	NA	NA	NA	NA	NA	NA	NA	NA	NA	NA	NA	NA	NA	NA	NA	NA	NA	NA	NA	NA	NA	NA	NA	NA	NA	NA	NA	NA	NA	NA	NA	NA	NA	NA	NA	NA	NA	NA	NA	NA	NA	NA	NA	NA	NA	NA	NA	NA	NA	NA	NA	NA	NA	NA	NA	NA	NA	NA	NA	NA	NA	NA	NA	NA	NA	NA	NA	NA	NA	NA	NA	NA	NA	NA	NA	NA	NA	NA	NA	NA	NA	NA	NA	NA	NA	NA	NA	NA	NA	NA	NA	NA	NA	NA	NA	NA	NA	NA	NA	NA	NA	NA	NA	NA	NA	NA	NA	NA	NA	NA	NA	NA	NA	NA	NA	NA	NA	NA	NA	NA	NA	NA	NA	NA	NA	NA	NA	NA	NA	NA	NA	NA	NA	NA	NA	NA	NA	NA	NA	NA	NA	NA	NA	NA	NA	NA	NA	NA	NA	NA	NA	NA	NA	NA	NA	NA
SLC_SMT_NEG_109J	3.05365945198297e-05	0.00130158971684095	0.506214979974388	NA	NA	1.17448440460883e-05	1.37023180537697e-06	0.00420237044882399	0.0324881308563544	0.00453696800587033	0.217267021769851	4.99808363294648e-05	0.0209079756234457	3.07975910541872e-05	0.00038490463904375	6.7206607597061e-06	NA	0.0380089252984854	0.0134421045090153	0.000105051105078901	3.45820408023712e-06	1.56597920614511e-06	9.13487870251315e-07	1.63122833973449e-06	7.10563064788344e-05	0.00680000370615079	0.00763219115594974	0.000553704147639476	0.000298906280972948	4.91325975928029e-05	3.37338020657093e-05	6.02249503029974e-05	3.84317396841446e-05	2.12712175501378e-05	0.00474837519869992	0.00239770991200893	0.00241395694627269	0.00121285089515939	0.0005658404864871	7.32747770208733e-05	1.17448440460883e-05	1.57902903286299e-05	1.37675671873591e-05	3.59522726077482e-05	6.45966422534858e-06	4.82843588561409e-06	3.78444974818402e-06	0.00217038193058353	0.000717414223815229	2.21194562867997e-05	0.00148970296897913	0.000108770305693496	2.72741378403607e-05	0.00103883145587651	2.15322140844953e-06	2.15322140844953e-06	1.10923527101945e-05	6.59016249252734e-06	0.000297536049167571	5.24603034058612e-05	5.02418328638223e-06	4.50219021766719e-06	0.000118949170533439	1.53987955270936e-05	1.3571819786591e-05	1.95747400768139e-06	3.45820408023712e-06	4.1759445497203e-06	2.67521447716457e-06	2.28371967562829e-06	1.10923527101945e-06	NA	2.34896880921767e-06	2.21847054203891e-06	1.50073007255573e-06	0.000130889761980296	4.30644281689906e-06	1.30498267178759e-06	1.04398613743007e-06	1.63122833973449e-06	8.48238736661935e-07	0.00912789704521908	0.00171500822726325	1.79435117370794e-05	1.82045082714369e-05	1.89222487409201e-05	1.3571819786591e-05	1.29845775842865e-05	1.4615805924021e-05	9.00438043533439e-06	4.76318675202471e-06	4.76318675202471e-06	5.41567808791851e-06	4.11069541613092e-06	7.11215556124238e-06	4.69793761843533e-06	1.30498267178759e-06	1.10923527101945e-06	9.13487870251315e-07	1.23973353819821e-06	9.13487870251315e-07	NA	1.56597920614511e-06	6.52491335893796e-07	NA	NA	0.00993809553699841	0.00432047138062077	0.000302103488518828	0.00249467012452275	0.00108019940657218	0.000102767385403273	8.18876626546714e-05	6.68803619291141e-05	8.07131782500626e-05	2.69478921724138e-05	5.8267476295316e-05	3.97367223559322e-05	4.48914039094932e-05	1.01788648399432e-05	1.25278336491609e-05	1.33760723858228e-05	1.01136157063538e-05	6.78590989329548e-06	3.65395148100526e-06	5.87242202304417e-06	6.65541162611672e-06	5.74192375586541e-06	4.24119368330968e-06	5.02418328638223e-06	3.32770581305836e-06	3.00146014511146e-06	1.30498267178759e-06	2.41421794280705e-06	7.82989603072556e-07	1.63122833973449e-06	7.17740469483176e-07	NA	8.48238736661935e-07	0.000592527382125156	0.011888065894317	0.000122342125480087	0.00030601843653419	0.000538827345181097	4.1759445497203e-05	4.22161894323286e-05	4.43041617071888e-05	1.32455741186441e-05	6.68803619291141e-05	3.18415771916173e-05	2.80571274434332e-05	1.03746122407114e-05	1.48768024583786e-05	1.15490966453202e-05	1.20710897140352e-05	1.0831356175837e-05	2.04229788134758e-05	4.69793761843533e-06	7.11215556124238e-06	6.00292029022293e-06	4.69793761843533e-06	7.89514516431494e-06	9.72212090481756e-06	3.71920061459464e-06	4.1759445497203e-06	2.60996534357519e-06	7.11215556124238e-06	1.63122833973449e-06	5.41567808791851e-06	3.39295494664774e-06	1.69647747332387e-06	3.00146014511146e-06	2.34896880921767e-06	1.95747400768139e-06	1.04398613743007e-06	1.50073007255573e-06	2.93621101152208e-06	2.15322140844953e-06	1.43548093896635e-06	2.41421794280705e-06	2.74046361075394e-06	1.63122833973449e-06	2.34896880921767e-06	1.50073007255573e-06	2.74046361075394e-06	1.43548093896635e-06	3.1972075458796e-06	1.63122833973449e-06	7.82989603072556e-07	1.95747400768139e-06	2.28371967562829e-06	3.91494801536278e-06	9.13487870251315e-07	7.82989603072556e-07	NA	NA	0.000481603855023211	0.00113200721864215	0.000190592719214578	0.00162294169976864	0.000288727416133005	0.000101853897533022	0.000261453278292644	9.9178683055857e-05	1.40285637217166e-05	1.84002556722051e-05	1.787826260349e-05	2.21194562867997e-05	1.96399892104033e-05	2.34896880921767e-06	1.9770487477582e-05	6.32916595816982e-06	2.3554937225766e-05	1.12881001109627e-05	1.05703596414795e-05	1.34413215194122e-05	8.74338390097687e-06	7.30790296201052e-06	3.45820408023712e-06	7.17740469483176e-06	5.54617635509727e-06	7.43840122918928e-06	5.74192375586541e-06	6.00292029022293e-06	1.27888301835184e-05	5.61142548868665e-06	6.00292029022293e-06	4.43694108407782e-06	3.71920061459464e-06	2.41421794280705e-06	7.24265382842114e-06	1.12881001109627e-05	5.54617635509727e-06	3.8496988817734e-06	4.04544628254154e-06	6.65541162611672e-06	1.56597920614511e-06	2.02272314127077e-06	1.43548093896635e-06	1.89222487409201e-06	1.69647747332387e-06	1.95747400768139e-06	1.56597920614511e-06	2.67521447716457e-06	3.45820408023712e-06	1.37023180537697e-06	3.39295494664774e-06	2.60996534357519e-06	1.04398613743007e-06	1.23973353819821e-06	NA	NA	1.63122833973449e-06	3.26245667946898e-06	1.37023180537697e-06	9.13487870251315e-07	8.48238736661935e-07	NA	2.02272314127077e-06	1.17448440460883e-06	NA	1.69647747332387e-06	NA	6.52491335893796e-07	NA	0.0155580686621853	0.000409568811540536	0.000311499363755698	0.000229350704566669	7.71897250362361e-05	0.000204947528604241	3.87579853520915e-05	2.66868956380563e-05	1.89874978745095e-05	1.44200585232529e-05	1.91179961416882e-05	2.60996534357519e-06	4.43694108407782e-06	3.98019714895216e-06	2.74046361075394e-06	1.37023180537697e-06	0.00151097418652926	0.00103667823446806	4.15636980964348e-05	0.000264389489304166	0.000130106772377223	0.000110010039231694	4.09764558941304e-05	1.96399892104033e-05	8.15614169867245e-06	6.78590989329548e-06	4.1759445497203e-06	5.41567808791851e-06	2.60996534357519e-06	2.67521447716457e-06	6.52491335893796e-07	7.82989603072556e-07	NA	9.78737003840695e-07	1.10923527101945e-06	8.22139083226183e-05	1.48115533247892e-05	3.27550650618686e-05	8.67813476738749e-06	7.96039429790432e-06	1.76172660691325e-06	1.17448440460883e-06	9.78737003840695e-07	NA	NA	0.000245532489696836	1.29845775842865e-05	7.43840122918928e-06	1.90527470080989e-05	9.33062610328129e-06	1.63122833973449e-06	9.13487870251315e-07	1.30498267178759e-06	9.20012783610253e-06	2.30981932906404e-05	1.29845775842865e-05	1.17448440460883e-06	5.78107323601904e-05	4.50219021766719e-06	2.02272314127077e-06	2.74046361075394e-06	1.04398613743007e-06	1.43548093896635e-06	2.08797227486015e-06	6.3422157848877e-05	3.39947986000668e-05	2.73393869739501e-05	4.01934662910579e-05	6.59016249252734e-06	2.41421794280705e-06	2.93621101152208e-06	5.02418328638223e-06	2.8709618779327e-06	9.78737003840695e-07	4.43694108407782e-06	1.89222487409201e-06	1.23973353819821e-06	2.00967331455289e-05	1.56597920614511e-06	3.39295494664774e-06	4.56743935125657e-06	2.54471620998581e-06	1.89222487409201e-06	2.47946707639643e-06	8.48238736661935e-07	NA	NA	1.04398613743007e-06	1.93789926760458e-05	1.04398613743007e-05	7.30790296201052e-06	1.95747400768139e-06	NA	NA	6.3944150917592e-05	NA	6.52491335893796e-06	1.30498267178759e-06	NA	2.41421794280705e-06	4.63268848484595e-06	3.74530026803039e-05	9.39587523687067e-06	3.65395148100526e-06	1.56597920614511e-06	1.23973353819821e-06	NA	2.41421794280705e-06	2.02272314127077e-06	2.74046361075394e-06	1.18753423132671e-05	4.24119368330968e-06	5.21993068715037e-06	2.69478921724138e-05	4.2803431634633e-05	4.82843588561409e-06	NA	2.59039060349837e-05	3.26245667946898e-06	7.17740469483176e-07	8.48238736661935e-06	4.43694108407782e-06	2.28371967562829e-06	1.89222487409201e-06	2.34896880921767e-06	6.32264104481089e-05	8.41713823302997e-06	NA	9.46112437046005e-06	1.56597920614511e-06	3.26245667946898e-06	NA	8.48238736661935e-07	6.52491335893796e-07	NA	0.00550598288880621	0.00763760683403765	0.00107354399494606	0.000331726595168406	5.76149849594222e-05	0.000138719658011021	2.32939406914085e-05	4.05849610925941e-05	1.74215186683644e-05	2.02272314127077e-05	NA	0.001834544639999	0.000352671567050597	4.01282171574685e-05	6.59016249252734e-06	3.98019714895216e-06	0.0012287716837552	6.51186353222009e-05	3.03408471190615e-05	3.98019714895216e-06	3.99977188902897e-05	NA	8.24749048569759e-05	2.63606499701094e-05	2.23152036875678e-05	3.39295494664774e-06	1.31803249850547e-05	NA	3.35380546649411e-05	NA	1.16143457789096e-05	NA	3.96062240887534e-05	NA	0.000308563152744176	3.63437674092845e-05	1.68995255996493e-05	1.56597920614511e-06	1.69647747332387e-06	1.43548093896635e-06	2.28371967562829e-06	0.000205600019940135	4.95893415279285e-06	1.69647747332387e-06	8.91303164830926e-05	6.26391682458044e-06	3.48430373367287e-05	4.30644281689906e-06	0.00527591444377006	0.000291598378010938	0.000196073646436086	0.000127953550968773	0.000159468882492444	0.000242139534750188	7.52322510285547e-05	1.57902903286299e-05	2.62301517029306e-05	3.66700130772314e-05	0.000880145562987142	0.00210121784897879	6.90335833375637e-05	1.86612522065626e-05	5.35042895432913e-06	1.18100931796777e-05	7.6993977635468e-06	1.08966053094264e-05	2.8709618779327e-06	8.89345690823244e-05	0.00228065296634959	0.000659668740588628	0.000498438131489271	0.00038810184658963	0.000102114894067379	0.000112881001109627	7.17740469483176e-05	7.71244759026467e-05	1.94442418096351e-05	1.07008579086583e-05	0.000777573924984637	5.02418328638223e-06	3.78444974818402e-06	5.15468155356099e-06	3.55607778062119e-05	1.84002556722051e-05	0.000195290656833013	7.3731520955999e-06	4.20856911651499e-05	1.39633145881272e-05	3.45820408023712e-06	2.23804528211572e-05	0.00023032944157051	7.46450088262503e-05	2.80571274434332e-06	5.61142548868665e-06	3.06670927870084e-06	3.13195841229022e-06	7.82989603072556e-07	0.0002924466167476	6.27696665129832e-05	0.000411787282082575	2.70131413060032e-05	1.4093812855306e-05	6.00292029022293e-06	2.60996534357519e-06	0.000819985861817734	0.000239921064208149	0.000192028200153544	1.52682972599148e-05	2.93621101152208e-06	6.7206607597061e-06	1.82697574050263e-06	0.000100222669193287	0.000101919146666611	7.66024828339317e-05	3.87579853520915e-05	5.53312652837939e-05	4.26729333674543e-05	1.32455741186441e-05	4.56743935125657e-06	2.34896880921767e-05	1.08966053094264e-05	1.76172660691325e-05	9.98311743917508e-06	1.14838475117308e-05	1.35065706530016e-05	0.000162796588305502	5.08943241997161e-06	9.06962956892377e-06	3.71920061459464e-06	5.21993068715037e-06	3.06670927870084e-06	1.63122833973449e-06	3.32770581305836e-06	3.71920061459464e-06	3.26245667946898e-06	0.00152023956349896	2.02924805462971e-05	1.48115533247892e-05	9.26537696969191e-06	3.96062240887534e-05	2.15322140844953e-06	2.70131413060032e-05	0.000144461581766887	2.57081586342156e-05	1.04398613743007e-06	0.000137023180537697	1.2201587981214e-05	1.56597920614511e-06	7.09258082116557e-05	2.92316118480421e-05	1.0831356175837e-05	7.3731520955999e-06	2.72741378403607e-05	1.17448440460883e-05	1.05051105078901e-05	1.20710897140352e-05	5.35042895432913e-05	5.80717288945479e-06	NA	8.09089256508307e-06	1.12228509773733e-05	6.78590989329548e-06	3.00146014511146e-06	2.80571274434332e-06	2.28371967562829e-06	2.60996534357519e-06	3.58870234741588e-06	3.71920061459464e-06	1.43548093896635e-06	2.74046361075394e-06	1.56597920614511e-06	2.47946707639643e-06	0.000455765198121817	8.69118459410537e-05	1.30498267178759e-06	0.000228763462364365	3.26898159282792e-05	7.1839296081907e-05	2.31634424242298e-05	1.14838475117308e-05	1.32455741186441e-05	8.09089256508307e-06	8.22139083226183e-06	9.9178683055857e-06	2.67521447716457e-06	1.90527470080989e-05	6.59016249252734e-06	1.34413215194122e-05	9.00438043533439e-06	4.69793761843533e-06	1.37023180537697e-06	1.43548093896635e-06	4.04544628254154e-06	1.56597920614511e-06	2.41421794280705e-06	6.52491335893796e-06	3.5234532138265e-06	2.48599198975536e-05	6.2900164780162e-05	4.43694108407782e-06	2.93621101152208e-06	0.00268780755994732	0.000130694014579527	2.00967331455289e-05	1.82697574050263e-05	1.10923527101945e-05	2.31634424242298e-05	8.67813476738749e-06	4.37169195048844e-06	7.82989603072556e-07	1.21363388476246e-05	1.10923527101945e-06	9.03048008877014e-05	1.65732799317024e-05	2.36201863593554e-05	1.52030481263255e-05	9.72212090481756e-06	5.67667462227603e-06	3.98019714895216e-06	2.8709618779327e-06	2.54471620998581e-06	2.02272314127077e-06	2.67521447716457e-06	1.95747400768139e-06	0.000190005477012273	7.81684620400768e-05	8.22139083226183e-06	5.61142548868665e-06	5.21993068715037e-06	0.000120515149739584	3.16458297908491e-05	6.54448809901478e-05	4.2281438565918e-05	2.50556672983218e-05	1.14185983781414e-05	1.32455741186441e-05	0.000182110331847959	2.72741378403607e-05	1.37023180537697e-06	3.51040338710862e-05	4.53481478446188e-05	2.72088887067713e-05	7.11215556124238e-06	7.50365036277866e-06	2.8709618779327e-06	9.13487870251315e-07	5.64405005548134e-05	4.1759445497203e-06	9.52637350404943e-06	1.56597920614511e-06	2.31634424242298e-05	2.67521447716457e-06	1.43548093896635e-06	1.82697574050263e-05	8.34536418608165e-05	1.76825152027219e-05	1.56597920614511e-06	1.76172660691325e-06	1.10923527101945e-06	3.83012414169658e-05	2.66216465044669e-05	2.44684250960174e-05	1.89874978745095e-05	1.82697574050263e-05	7.30790296201052e-06	4.95893415279285e-06	0.00035652126593237	1.66385290652918e-05	1.72910204011856e-05	1.05051105078901e-05	9.9178683055857e-06	4.04544628254154e-06	1.82697574050263e-06	4.56743935125657e-06	3.06670927870084e-06	3.39295494664774e-06	5.91809641655673e-05	2.80571274434332e-06	1.76172660691325e-06	7.17740469483176e-07	6.52491335893796e-05	4.83496079897303e-05	5.48092722150789e-06	6.3944150917592e-06	5.28517982073975e-06	8.09089256508307e-06	1.56597920614511e-06	0.00105031530338824	1.63122833973449e-06	1.26583319163396e-05	2.15322140844953e-06	0.000150334003789931	4.37169195048844e-06	1.04398613743007e-06	0.000112815751976037	1.71605221340068e-05	NA	3.32770581305836e-06	2.28371967562829e-06	2.17932106188528e-05	3.88232344856809e-05	5.41567808791851e-06	3.25593176611004e-05	6.98165729406362e-06	2.45336742296067e-05	4.69793761843533e-06	1.56597920614511e-06	0.000212385929833431	6.7206607597061e-06	3.39295494664774e-06	2.28371967562829e-05	2.54471620998581e-06	4.37169195048844e-06	5.08943241997161e-06	3.88232344856809e-05	1.86612522065626e-05	7.17740469483176e-07	0.00223341259363088	3.91494801536278e-06	6.13341855740169e-06	1.0831356175837e-05	2.21847054203891e-05	2.8709618779327e-06	1.87917504737413e-05	3.26245667946898e-06	3.91494801536278e-06	2.28371967562829e-06	1.23973353819821e-06	7.24265382842114e-06	4.63268848484595e-06	7.89514516431494e-06	2.93621101152208e-06	7.17740469483176e-07	5.02418328638223e-06	2.41421794280705e-06	2.67521447716457e-06	1.10923527101945e-06	2.93621101152208e-06	2.28371967562829e-06	3.98019714895216e-06	1.30498267178759e-06	7.50365036277866e-06	NA	2.20542071532103e-05	5.259080167304e-05	3.00146014511146e-06	5.19383103371462e-05	0.000168669010328546	0.000169647747332387	8.93913130174501e-05	8.0256434314937e-06	3.03408471190615e-05	0.000203446798531686	2.60996534357519e-06	8.22139083226183e-06	5.28517982073975e-06	2.08797227486015e-06	7.89514516431494e-06	6.00292029022293e-06	2.28371967562829e-06	6.52491335893796e-06	3.13195841229022e-06	3.91494801536278e-06	5.48092722150789e-06	1.04398613743007e-06	1.43548093896635e-06	7.82989603072556e-07	2.28371967562829e-06	2.02272314127077e-06	1.69647747332387e-06	1.17448440460883e-06	8.48238736661935e-07	1.23973353819821e-06	1.43548093896635e-06	2.40116811608917e-05	1.91832452752776e-05	9.13487870251315e-05	1.74215186683644e-05	1.34413215194122e-05	4.50219021766719e-06	3.18415771916173e-05	8.67813476738749e-06	5.54617635509727e-06	8.09089256508307e-06	2.14017158173165e-05	1.58555394622192e-05	1.28540793171078e-05	2.47946707639643e-06	1.90527470080989e-05	6.06816942381231e-06	6.78590989329548e-06	4.05849610925941e-05	2.80571274434332e-06	4.50219021766719e-06	1.30498267178759e-06	3.26245667946898e-06	3.32770581305836e-06	4.30644281689906e-06	2.15322140844953e-06	2.74046361075394e-06	3.1972075458796e-06	1.69647747332387e-06	2.93621101152208e-06	1.56597920614511e-06	1.37023180537697e-06	2.02272314127077e-06	1.56597920614511e-06	NA	6.00292029022293e-05	2.38159337601236e-05	7.37967700895884e-05	8.48238736661935e-06	9.20012783610253e-06	6.81200954673123e-05	0.000289640904003256	7.76464689713618e-06	6.52491335893796e-06	2.25762002219254e-05	1.79435117370794e-05	7.89514516431494e-06	6.3944150917592e-06	2.27719476226935e-05	1.99662348783502e-05	4.30644281689906e-06	7.99954377805794e-05	1.13533492445521e-05	8.35188909944059e-06	2.36201863593554e-05	5.15468155356099e-06	3.58870234741588e-06	8.54763650020873e-06	2.80571274434332e-06	3.65395148100526e-06	3.65395148100526e-06	3.1972075458796e-06	1.37023180537697e-06	6.19866769099106e-06	3.91494801536278e-06	1.10923527101945e-06	2.41421794280705e-06	2.54471620998581e-06	4.1759445497203e-06	1.30498267178759e-06	1.69647747332387e-06	0.00013252099032003	3.48430373367287e-05	5.89199676312098e-05	6.17256803755531e-05	2.61649025693412e-05	9.78737003840695e-07	1.6508030798113e-05	1.2201587981214e-05	4.1759445497203e-06	8.41713823302997e-06	7.50365036277866e-06	5.28517982073975e-06	3.58870234741588e-06	3.8496988817734e-06	1.76172660691325e-06	1.76172660691325e-06	1.56597920614511e-06	5.67667462227603e-06	1.30498267178759e-06	2.28371967562829e-06	1.89222487409201e-06	3.93452275543959e-05	4.32601755697587e-05	1.04398613743007e-06	1.70952730004175e-05	1.38980654545379e-05	1.63122833973449e-06	NA	NA	NA	NA	1.82697574050263e-06	0.000263149755765968	2.91011135808633e-05	3.06670927870084e-06	3.26245667946898e-06	8.61288563379811e-06	2.41421794280705e-06	3.58870234741588e-06	6.13341855740169e-06	NA	1.56597920614511e-06	1.63122833973449e-06	2.67521447716457e-06	9.52637350404943e-06	0.000368266109978459	0.000367613618642565	3.13848332564916e-05	9.72212090481757e-05	0.000109096551361443	0.000179369868237205	0.000157446159351173	1.20710897140352e-05	2.74046361075394e-06	4.43694108407782e-06	1.84002556722051e-05	2.67521447716457e-06	0.00011783993526242	4.24119368330968e-06	2.8709618779327e-06	8.48238736661935e-06	3.13195841229022e-06	1.43548093896635e-06	1.82697574050263e-06	NA	NA	0.000227588977959756	4.37169195048844e-06	1.37023180537697e-06	7.50365036277866e-06	4.30644281689906e-06	0.000245989233631961	3.65395148100526e-06	2.47946707639643e-06	0.000159207885958086	6.19866769099106e-06	1.45505567904317e-05	7.43840122918928e-06	1.2201587981214e-05	2.17279614852634e-05	9.39587523687067e-06	2.60996534357519e-06	1.23973353819821e-05	NA	3.13195841229022e-06	0.000107661070422476	2.23804528211572e-05	9.59162263763881e-06	2.8709618779327e-06	9.13487870251315e-07	1.80087608706688e-05	4.50219021766719e-06	NA	9.78737003840695e-06	6.00292029022293e-06	4.30644281689906e-05	6.3944150917592e-06	7.96039429790432e-06	4.1759445497203e-06	1.56597920614511e-06	2.21847054203891e-06	6.36179052496451e-05	3.1972075458796e-06	0.00024089980121199	0.000412113527750522	3.79097466154296e-05	4.1759445497203e-06	5.93767115663355e-06	4.89368501920347e-06	4.50219021766719e-06	3.15805806572597e-05	6.54448809901478e-05	4.69793761843533e-06	8.61288563379811e-06	7.82989603072556e-06	NA	NA	8.54763650020873e-06	7.82989603072556e-06	1.3571819786591e-05	1.04398613743007e-06	NA	NA	3.5234532138265e-06	NA	9.00438043533439e-06	NA	1.50073007255573e-06	3.71920061459464e-06	1.82697574050263e-06	4.50219021766719e-06	NA	7.17740469483176e-06	2.08797227486015e-05	1.17448440460883e-06	1.50073007255573e-06	6.52491335893796e-07	4.63268848484595e-06	1.10923527101945e-06	0.000253819129662687	2.93621101152208e-05	NA	NA	1.86612522065626e-05	1.04398613743007e-06	NA	1.23973353819821e-06	NA	7.50365036277866e-06	2.67521447716457e-06	2.93621101152208e-06	0.000136174941801035	3.55607778062119e-05	8.61288563379811e-06	1.30498267178759e-05	3.60827708749269e-05	1.31803249850547e-05	2.15322140844953e-06	4.63268848484595e-06	8.74338390097687e-06	4.30644281689906e-06	1.69647747332387e-06	2.54471620998581e-06	7.90167007767387e-05	3.78444974818402e-06	2.8709618779327e-06	1.63775325309343e-05	2.74046361075394e-06	2.60996534357519e-06	9.06962956892377e-06	7.17740469483176e-07	2.28371967562829e-05	NA	NA	1.10923527101945e-06	2.67521447716457e-06	NA	7.43840122918928e-06	1.23973353819821e-06	NA	4.04544628254154e-06	NA	1.30498267178759e-06	1.82697574050263e-06	5.41567808791851e-06	6.78590989329548e-06	1.30498267178759e-06	1.69647747332387e-06	NA	NA	5.41567808791851e-06	NA	7.17740469483176e-07	NA	6.52491335893796e-07	NA	1.50073007255573e-06	NA	1.23973353819821e-06	8.61288563379811e-06	NA	NA	NA	NA	NA	NA	NA	NA	6.52491335893796e-07	7.17740469483176e-07	NA	NA	NA	NA	NA	NA	7.17740469483176e-07	NA	NA	NA	NA	NA	NA	NA	7.17740469483176e-07	NA	NA	NA	NA	NA	NA	NA	NA	NA	NA	NA	NA	7.82989603072556e-07	7.17740469483176e-07	NA	NA	7.82989603072556e-07	NA	NA	NA	7.82989603072556e-07	7.17740469483176e-07	NA	NA	NA	NA	NA	NA	NA	NA	NA	2.54471620998581e-06	2.34896880921767e-06	3.5234532138265e-06	9.85261917199632e-06	1.76172660691325e-06	6.52491335893796e-07	1.10923527101945e-06	3.78444974818402e-06	2.74046361075394e-06	1.82697574050263e-06	7.82989603072556e-07	9.13487870251315e-07	7.82989603072556e-07	2.80571274434332e-06	1.42243111224848e-05	3.32770581305836e-06	6.52491335893796e-06	1.63122833973449e-06	5.48092722150789e-06	6.52491335893796e-07	1.56597920614511e-06	9.78737003840695e-07	1.17448440460883e-06	6.52491335893796e-07	NA	3.65395148100526e-06	9.78737003840695e-07	1.56597920614511e-06	2.28371967562829e-06	6.52491335893796e-07	1.63122833973449e-06	1.76172660691325e-06	NA	3.8496988817734e-06	8.48238736661935e-07	2.02272314127077e-06	2.93621101152208e-06	2.47946707639643e-06	7.17740469483176e-07	1.43548093896635e-06	NA	7.17740469483176e-07	1.30498267178759e-06	7.17740469483176e-07	NA	4.37169195048844e-06	8.48238736661935e-07	1.10923527101945e-06	1.10923527101945e-06	7.17740469483176e-07	1.10923527101945e-06	NA	1.17448440460883e-06	NA	NA	4.69793761843533e-06	1.37023180537697e-06	4.11069541613092e-06	2.34896880921767e-06	NA	1.04398613743007e-06	9.13487870251315e-07	1.43548093896635e-06	1.50073007255573e-06	1.17448440460883e-06	7.82989603072556e-07	NA	1.82697574050263e-06	NA	2.28371967562829e-06	1.95747400768139e-06	1.43548093896635e-06	1.69647747332387e-06	1.17448440460883e-06	1.63122833973449e-06	2.02272314127077e-06	NA	2.21847054203891e-06	8.48238736661935e-07	1.23973353819821e-06	NA	NA	7.17740469483176e-07	7.17740469483176e-07	4.76318675202471e-06	7.82989603072556e-07	9.13487870251315e-07	NA	1.30498267178759e-06	7.82989603072556e-07	NA	NA	2.1662712351674e-05	NA	NA	NA	1.63122833973449e-06	2.60996534357519e-06	1.04398613743007e-06	3.13195841229022e-06	1.10923527101945e-06	NA	8.48238736661935e-07	NA	1.04398613743007e-06	NA	1.10923527101945e-06	3.98019714895216e-06	1.89222487409201e-06	1.63122833973449e-06	1.30498267178759e-06	7.82989603072556e-07	1.17448440460883e-06	8.48238736661935e-07	2.08797227486015e-06	2.41421794280705e-06	2.74046361075394e-06	2.28371967562829e-06	1.89222487409201e-06	9.78737003840695e-07	3.45820408023712e-06	1.95747400768139e-06	5.54617635509727e-06	1.89222487409201e-06	1.23973353819821e-06	7.17740469483176e-07	1.30498267178759e-06	6.59016249252734e-06	2.74046361075394e-06	2.02272314127077e-06	1.82697574050263e-06	3.26245667946898e-06	4.50219021766719e-06	1.10923527101945e-06	8.48238736661935e-07	3.71920061459464e-06	3.91494801536278e-06	1.69647747332387e-06	7.56889949636804e-06	2.41421794280705e-06	2.08797227486015e-06	0.000252644645258078	1.43548093896635e-06	2.41421794280705e-06	1.63122833973449e-06	1.95747400768139e-06	1.10923527101945e-06	NA	1.17448440460883e-06	1.30498267178759e-06	9.13487870251315e-07	3.78444974818402e-06	1.82697574050263e-06	NA	1.63122833973449e-06	2.21847054203891e-06	4.1759445497203e-06	1.37023180537697e-06	1.37023180537697e-06	1.04398613743007e-06	1.23973353819821e-06	3.13195841229022e-06	2.74046361075394e-06	1.37023180537697e-06	1.30498267178759e-06	1.37023180537697e-06	7.82989603072556e-07	1.43548093896635e-06	1.89222487409201e-06	NA	NA	8.35188909944059e-06	NA	1.43548093896635e-06	1.56597920614511e-06	4.89368501920347e-06	2.28371967562829e-06	6.3944150917592e-06	1.95747400768139e-06	9.13487870251315e-07	7.82989603072556e-07	7.17740469483176e-07	NA	1.30498267178759e-06	NA	1.43548093896635e-06	1.43548093896635e-06	1.04398613743007e-06	NA	7.17740469483176e-07	NA	1.89222487409201e-06	7.96039429790432e-06	2.21847054203891e-06	NA	1.04398613743007e-06	6.52491335893796e-07	6.52491335893796e-07	2.21847054203891e-06	1.23973353819821e-06	1.69647747332387e-06	1.37023180537697e-06	1.23973353819821e-06	NA	1.82697574050263e-06	NA	3.58870234741588e-06	1.30498267178759e-06	1.43548093896635e-06	1.43548093896635e-06	2.28371967562829e-06	4.04544628254154e-06	8.48238736661935e-07	NA	1.04398613743007e-06	9.13487870251315e-07	NA	NA	NA	NA	NA	9.78737003840695e-07	1.04398613743007e-06	7.82989603072556e-07	NA	2.8709618779327e-06	NA	NA	NA	NA	NA	2.47946707639643e-06	NA	2.80571274434332e-06	NA	1.04398613743007e-06	1.89222487409201e-06	4.11069541613092e-06	1.17448440460883e-06	1.30498267178759e-06	3.8496988817734e-06	NA	1.23973353819821e-06	1.04398613743007e-06	8.48238736661935e-07	NA	NA	1.30498267178759e-06	NA	NA	NA	8.48238736661935e-07	NA	NA	NA	1.43548093896635e-06	4.76318675202471e-06	7.17740469483176e-07	7.17740469483176e-07	3.06670927870084e-06	NA	7.17740469483176e-07	8.48238736661935e-07	1.04398613743007e-06	NA	NA	NA	8.48238736661935e-07	NA	7.82989603072556e-07	NA	NA	NA	NA	7.82989603072556e-07	1.82697574050263e-06	NA	NA	NA	NA	NA	1.76172660691325e-06	NA	6.52491335893796e-07	NA	NA	NA	8.48238736661935e-07	1.04398613743007e-06	NA	NA	NA	NA	NA	NA	NA	NA	NA	7.82989603072556e-07	NA	NA	NA	NA	9.13487870251315e-07	NA	1.04398613743007e-06	NA	NA	NA	NA	NA	NA	NA	NA	NA	NA	2.80571274434332e-06	2.34896880921767e-06	NA	7.82989603072556e-07	NA	NA	2.02272314127077e-06	NA	1.37023180537697e-06	NA	NA	2.54471620998581e-06	NA	1.17448440460883e-06	1.10923527101945e-06	NA	NA	NA	NA	NA	NA	1.23973353819821e-06	2.02272314127077e-06	7.82989603072556e-07	NA	NA	NA	6.52491335893796e-07	2.41421794280705e-06	1.37023180537697e-06	NA	NA	3.39295494664774e-06	NA	NA	1.37023180537697e-06	1.95747400768139e-06	7.82989603072556e-07	NA	9.78737003840695e-07	NA	1.43548093896635e-06	NA	NA	NA	7.17740469483176e-07	NA	NA	NA	6.52491335893796e-07	NA	NA	NA	NA	NA	NA	NA	1.76172660691325e-06	NA	NA	NA	4.76318675202471e-06	3.32770581305836e-06	9.78737003840695e-07	6.52491335893796e-07	NA	NA	9.78737003840695e-07	1.37023180537697e-06	1.50073007255573e-06	1.30498267178759e-06	2.28371967562829e-06	1.99009857447608e-05	8.48238736661935e-07	NA	8.48238736661935e-07	2.8709618779327e-06	1.63122833973449e-06	1.50073007255573e-06	9.13487870251315e-07	3.13195841229022e-06	2.80571274434332e-06	4.69793761843533e-06	1.89222487409201e-06	1.56597920614511e-06	8.48238736661935e-07	1.69647747332387e-06	3.71920061459464e-06	2.41421794280705e-06	7.17740469483176e-07	6.52491335893796e-07	9.13487870251315e-07	2.47946707639643e-06	NA	NA	1.76172660691325e-06	1.2201587981214e-05	4.76318675202471e-06	2.15322140844953e-06	7.17740469483176e-07	NA	NA	NA	NA	NA	NA	NA	NA	NA	NA	NA	NA	NA	NA	NA	NA	NA	NA	NA	NA	NA	NA	NA	NA	NA	NA	NA	NA	NA	NA	NA	NA	1.63122833973449e-06	8.48238736661935e-07	NA	7.17740469483176e-07	NA	NA	7.82989603072556e-07	9.78737003840695e-07	NA	7.17740469483176e-07	NA	8.48238736661935e-07	NA	NA	NA	2.28371967562829e-06	NA	NA	NA	NA	NA	NA	NA	NA	NA	NA	NA	NA	NA	NA	NA	NA	NA	NA	NA	NA	NA	NA	NA	1.43548093896635e-06	NA	1.04398613743007e-06	7.17740469483176e-07	NA	NA	9.78737003840695e-07	NA	NA	7.82989603072556e-07	7.82989603072556e-07	NA	NA	8.48238736661935e-07	NA	NA	8.48238736661935e-07	8.48238736661935e-07	NA	2.67521447716457e-06	NA	1.69647747332387e-06	NA	1.82697574050263e-06	NA	NA	2.02272314127077e-06	1.04398613743007e-06	NA	NA	NA	NA	7.17740469483176e-07	NA	NA	NA	NA	1.23973353819821e-06	8.48238736661935e-07	9.13487870251315e-07	NA	NA	7.82989603072556e-07	NA	NA	NA	NA	9.78737003840695e-07	NA	NA	6.52491335893796e-07	7.17740469483176e-07	NA	NA	NA	NA	NA	NA	NA	NA	NA	NA	NA	2.54471620998581e-06	NA	NA	NA	3.5234532138265e-06	2.02272314127077e-06	6.52491335893796e-07	NA	NA	9.78737003840695e-07	1.23973353819821e-06	1.30498267178759e-06	NA	7.17740469483176e-07	1.56597920614511e-06	NA	NA	NA	NA	NA	NA	7.17740469483176e-07	NA	NA	7.82989603072556e-07	1.43548093896635e-06	NA	NA	NA	NA	NA	NA	NA	3.32770581305836e-06	NA	1.63122833973449e-06	NA	NA	7.17740469483176e-07	6.52491335893796e-07	6.52491335893796e-07	1.04398613743007e-06	6.52491335893796e-07	7.82989603072556e-07	7.82989603072556e-07	9.13487870251315e-07	6.52491335893796e-07	7.17740469483176e-07	1.04398613743007e-06	7.82989603072556e-07	1.37023180537697e-06	1.04398613743007e-06	6.52491335893796e-07	6.52491335893796e-07	6.52491335893796e-07	1.17448440460883e-06	8.48238736661935e-07	8.48238736661935e-07	1.69647747332387e-06	9.13487870251315e-07	8.48238736661935e-07	NA	NA	NA	NA	NA	NA	NA	NA	NA	NA	NA	NA	NA	NA	NA	NA	NA	NA	NA	NA	NA	NA	NA	NA	NA	NA	NA	NA	NA	NA	NA	NA	NA	NA	NA	NA	NA	NA	NA	NA	NA	NA	NA	NA	NA	NA	NA	NA	NA	NA	NA	NA	NA	NA	NA	NA	NA	NA	NA	NA	NA	NA	NA	NA	NA	NA	NA	NA	NA	NA	NA	NA	NA	NA	NA	NA	NA	NA	NA	NA	NA	NA	NA	NA	NA	NA	NA	NA	NA	NA	NA	NA	NA	NA	NA	NA	NA	NA	NA	NA	NA	NA	NA	NA	NA	NA	NA	NA	NA	NA	NA	NA	NA	NA	NA	NA	NA	NA	NA	NA	NA	NA	NA	NA	NA	NA	NA	NA	NA	NA	NA	NA	NA	NA	NA	NA	NA	NA	NA	NA	NA	NA	NA	NA	NA	NA	NA	NA	NA	NA	NA	NA	NA	NA	NA	NA	NA	NA	NA	NA	NA	NA	NA	NA	NA	NA	NA	NA	NA	NA	NA	NA	NA	NA	NA	NA	NA	NA	NA	NA	NA	NA	NA	NA	NA	NA	NA	NA	NA	NA	NA	NA	NA	NA	NA	NA	NA	NA	NA	NA	NA	NA	NA	NA	NA	NA	NA	NA	NA	NA	NA	NA	NA	NA	NA	NA	NA	NA	NA	NA	NA	NA	NA	NA	NA	NA	NA	NA	NA	NA	NA	NA	NA	NA	NA	NA	NA	NA	NA	NA	NA	NA	NA	NA	NA	NA	NA	NA	NA	NA	NA	NA	NA	NA	NA	NA	NA	NA	NA	NA	NA	NA	NA	NA	NA	NA	NA	NA	NA	NA	NA	NA	NA	NA	NA	NA	NA	NA	NA	NA	NA	NA	NA	NA	NA	NA	NA	NA	NA	NA	NA	NA	NA	NA	NA	NA	NA	NA	NA	NA	NA	NA	NA	NA	NA	NA	NA	NA	NA	NA	NA	NA	NA	NA	NA	NA	NA	NA	NA	NA	NA	NA	NA	NA	NA	NA	NA	NA	NA	NA	NA	NA	NA	NA	NA	NA	NA	NA	NA	NA	NA	NA	NA	NA	NA	NA	NA	NA	NA	NA	NA	NA	NA	NA	NA	NA	NA	NA	NA	NA	NA	NA	NA	NA	NA	NA	NA	NA	NA	NA	NA	NA	NA	NA	NA	NA	NA	NA	NA	NA	NA	NA	NA	NA	NA	NA	NA	NA	NA	NA	NA	NA	NA	NA	NA	NA	NA	NA	NA	NA	NA	NA	NA	NA	NA	NA	NA	NA	NA	NA	NA	NA	NA	NA	NA	NA	NA	NA	NA	NA	NA	NA	NA	NA	NA	NA	NA	NA	NA	NA	NA	NA	NA	NA	NA	NA	NA	NA	NA	NA	NA	NA	NA	NA	NA	NA	NA	NA	NA	NA	NA	NA	NA	NA	NA	NA	NA	NA	NA	NA	NA	NA	NA	NA	NA	NA	NA
SLC_SMT_NEG_152J	0.000270664677444338	5.13610683102209e-05	0.922621697197968	9.78306063051826e-06	NA	0.000670139653190501	2.52729066288388e-05	0.00132723522554031	1.38593358932342e-05	0.00846886948581864	0.0459885375139612	3.09796919966412e-05	0.000939173820529753	0.000229086669764636	0.00199248334841555	0.000105167901778071	8.96780557797507e-06	0.000225825649554463	0.000121473002828935	7.50034648339733e-05	NA	NA	NA	NA	NA	4.89153031525913e-05	5.46220885203936e-05	1.95661212610365e-05	NA	NA	NA	NA	NA	NA	1.22288257881478e-05	4.97305582051345e-05	3.34254571542707e-05	8.96780557797507e-06	1.63051010508638e-05	NA	NA	NA	NA	NA	NA	NA	NA	1.87508662084933e-05	NA	NA	3.0164436944098e-05	NA	NA	1.46745909457774e-05	NA	NA	NA	NA	NA	NA	NA	NA	NA	NA	NA	NA	NA	NA	NA	NA	NA	NA	NA	NA	NA	1.3044080840691e-05	NA	NA	NA	NA	NA	3.17949470491843e-05	2.36423965237525e-05	NA	NA	NA	NA	NA	8.15255052543188e-06	NA	NA	NA	NA	NA	NA	NA	NA	NA	NA	NA	NA	NA	NA	NA	NA	NA	1.46745909457774e-05	2.69034167339252e-05	1.7120356103407e-05	3.58712223119003e-05	5.29915784153072e-05	NA	1.05983156830614e-05	1.63051010508638e-05	NA	NA	2.11966313661229e-05	NA	NA	NA	8.15255052543188e-06	NA	NA	NA	NA	NA	NA	NA	NA	NA	NA	NA	NA	NA	NA	NA	NA	NA	NA	NA	1.05983156830614e-05	NA	NA	NA	NA	2.28271414712093e-05	NA	NA	NA	NA	NA	NA	NA	NA	NA	NA	NA	NA	NA	NA	NA	NA	NA	NA	NA	NA	1.3044080840691e-05	NA	NA	NA	NA	NA	NA	NA	NA	NA	NA	NA	NA	NA	NA	NA	NA	NA	NA	NA	NA	NA	NA	NA	NA	NA	NA	NA	NA	NA	NA	2.03813763135797e-05	NA	3.99474975746162e-05	1.63051010508638e-05	1.22288257881478e-05	1.3044080840691e-05	1.3044080840691e-05	NA	1.46745909457774e-05	NA	NA	1.3044080840691e-05	NA	NA	NA	NA	NA	NA	NA	NA	NA	NA	NA	NA	NA	NA	NA	NA	NA	NA	NA	NA	NA	NA	NA	NA	NA	NA	NA	NA	NA	NA	NA	NA	NA	NA	NA	NA	NA	NA	NA	NA	NA	NA	NA	NA	NA	NA	NA	NA	NA	NA	NA	NA	NA	NA	NA	NA	0.000125549278091651	3.34254571542707e-05	3.83169874695298e-05	1.79356111559501e-05	0.00020707478334597	NA	2.6088161681382e-05	NA	NA	NA	NA	NA	NA	NA	NA	NA	NA	2.6088161681382e-05	NA	NA	NA	NA	1.63051010508638e-05	NA	NA	NA	NA	NA	NA	NA	NA	NA	NA	NA	NA	NA	8.96780557797507e-06	8.15255052543188e-06	NA	NA	NA	NA	NA	NA	NA	0.00150496082699473	NA	NA	NA	NA	NA	NA	NA	NA	NA	NA	NA	NA	NA	NA	NA	NA	NA	NA	1.79356111559501e-05	NA	NA	NA	NA	NA	NA	NA	NA	NA	NA	NA	NA	NA	NA	NA	9.78306063051826e-06	NA	NA	NA	NA	NA	NA	NA	NA	NA	NA	NA	NA	NA	NA	NA	NA	NA	NA	NA	NA	NA	NA	8.96780557797507e-06	NA	NA	NA	NA	NA	NA	NA	NA	NA	NA	NA	NA	NA	9.9461116410269e-05	NA	NA	NA	NA	NA	NA	NA	0.000211966313661229	NA	NA	3.42407122068139e-05	8.96780557797507e-06	NA	NA	NA	NA	NA	NA	0.000113320452303503	NA	NA	NA	NA	NA	NA	NA	NA	NA	0.000163051010508638	2.85339268390116e-05	8.15255052543188e-06	NA	NA	0.000476924205737765	4.15780076797026e-05	2.20118864186661e-05	NA	NA	NA	0.000185878151979847	NA	NA	NA	NA	NA	NA	NA	NA	NA	NA	NA	NA	NA	NA	NA	NA	NA	NA	NA	NA	NA	NA	NA	NA	NA	7.41882097814301e-05	3.75017324169867e-05	0.000162235755456094	NA	1.22288257881478e-05	NA	NA	NA	1.14135707356046e-05	NA	0.000167127285771354	7.82644850441461e-05	NA	NA	NA	NA	NA	NA	NA	NA	NA	NA	NA	NA	NA	NA	3.0164436944098e-05	NA	NA	NA	NA	NA	NA	3.09796919966412e-05	NA	0.000119027237671305	0.000714163426027833	1.38593358932342e-05	2.93491818915548e-05	9.78306063051826e-06	NA	2.77186717864684e-05	1.7120356103407e-05	NA	NA	NA	NA	NA	NA	3.0164436944098e-05	NA	NA	NA	NA	NA	NA	1.05983156830614e-05	9.86458613577258e-05	6.84814244136278e-05	9.78306063051826e-06	NA	NA	NA	0.000127179788196737	NA	NA	NA	NA	NA	NA	NA	NA	NA	NA	NA	NA	NA	NA	NA	9.78306063051826e-06	NA	NA	NA	NA	NA	1.87508662084933e-05	NA	NA	NA	NA	NA	NA	NA	NA	1.38593358932342e-05	NA	1.14135707356046e-05	NA	NA	NA	3.09796919966412e-05	NA	NA	NA	NA	NA	NA	NA	NA	NA	1.3044080840691e-05	NA	NA	NA	NA	NA	NA	NA	NA	NA	NA	NA	NA	NA	0.002189775071131	NA	NA	NA	0.000529915784153072	2.69034167339252e-05	0.000588614147936182	NA	NA	NA	NA	NA	NA	NA	NA	NA	1.54898459983206e-05	NA	NA	NA	NA	NA	NA	NA	0.000158159480193378	1.3044080840691e-05	NA	NA	NA	NA	NA	NA	NA	8.96780557797507e-06	NA	NA	NA	NA	NA	0.000295122329020634	0.000375017324169867	NA	5.95136188356527e-05	NA	NA	NA	1.63051010508638e-05	NA	NA	NA	NA	NA	5.2176323362764e-05	NA	NA	NA	NA	3.66864773644435e-05	1.79356111559501e-05	0.000119842492723849	NA	NA	NA	NA	2.03813763135797e-05	NA	NA	1.54898459983206e-05	2.11966313661229e-05	NA	NA	NA	NA	NA	NA	NA	0.000149191674615403	NA	6.84814244136278e-05	NA	NA	7.58187198865165e-05	NA	NA	NA	NA	NA	1.14135707356046e-05	NA	NA	NA	NA	NA	NA	1.95661212610365e-05	NA	NA	NA	NA	NA	NA	NA	NA	NA	NA	NA	NA	NA	NA	NA	1.22288257881478e-05	NA	NA	NA	NA	1.05983156830614e-05	NA	NA	NA	0.000741882097814301	NA	NA	2.69034167339252e-05	NA	1.54898459983206e-05	NA	NA	NA	NA	3.26102021017275e-05	NA	NA	NA	NA	NA	NA	NA	NA	NA	NA	NA	NA	NA	NA	NA	8.39712704119484e-05	NA	NA	NA	NA	NA	NA	NA	NA	NA	NA	NA	NA	NA	NA	NA	NA	NA	NA	NA	NA	NA	NA	NA	NA	NA	NA	0.000192400192400192	NA	9.78306063051826e-06	4.97305582051345e-05	8.88628007272075e-05	NA	2.36423965237525e-05	3.26102021017275e-05	6.19593839932823e-05	NA	1.63051010508638e-05	NA	NA	NA	1.46745909457774e-05	NA	NA	NA	NA	NA	NA	NA	NA	NA	NA	NA	NA	NA	NA	NA	5.2176323362764e-05	2.6088161681382e-05	0.00013288657356454	2.44576515762956e-05	NA	1.14135707356046e-05	NA	NA	NA	NA	1.79356111559501e-05	9.78306063051826e-06	NA	NA	NA	NA	NA	NA	NA	NA	1.38593358932342e-05	NA	NA	NA	NA	NA	NA	NA	NA	NA	NA	NA	NA	NA	3.34254571542707e-05	NA	0.000126364533144194	NA	NA	NA	NA	2.6088161681382e-05	1.38593358932342e-05	2.44576515762956e-05	NA	NA	NA	1.3044080840691e-05	NA	1.7120356103407e-05	NA	NA	1.63051010508638e-05	NA	NA	NA	NA	NA	NA	NA	NA	NA	NA	NA	NA	NA	NA	NA	NA	NA	0.000107613666935701	NA	0.000113320452303503	9.78306063051826e-06	NA	NA	NA	0.00121717579344698	NA	NA	1.05983156830614e-05	1.38593358932342e-05	NA	1.79356111559501e-05	8.15255052543188e-06	NA	NA	1.14135707356046e-05	NA	NA	NA	NA	NA	NA	NA	1.63051010508638e-05	NA	NA	NA	NA	9.78306063051826e-06	NA	0.000944880605897555	5.13610683102209e-05	0.000158974735245922	NA	NA	NA	NA	NA	NA	NA	NA	NA	1.22288257881478e-05	NA	NA	NA	NA	NA	NA	NA	NA	NA	NA	NA	NA	NA	NA	NA	NA	NA	NA	NA	NA	NA	NA	NA	NA	NA	NA	6.44051491509119e-05	NA	NA	6.19593839932823e-05	NA	2.44576515762956e-05	NA	NA	5.54373435729368e-05	NA	NA	2.85339268390116e-05	NA	NA	NA	NA	NA	NA	NA	NA	NA	NA	NA	NA	8.96780557797507e-06	NA	NA	6.27746390458255e-05	NA	NA	NA	NA	NA	2.52729066288388e-05	NA	NA	NA	8.15255052543188e-06	NA	NA	NA	NA	NA	NA	NA	NA	NA	4.56542829424185e-05	NA	NA	NA	NA	NA	NA	NA	NA	NA	8.96780557797507e-05	9.13085658848371e-05	1.05983156830614e-05	NA	2.6088161681382e-05	NA	NA	8.15255052543188e-06	NA	NA	NA	NA	4.64695379949617e-05	NA	NA	NA	NA	NA	NA	NA	NA	NA	NA	NA	NA	NA	NA	NA	NA	NA	NA	NA	NA	NA	NA	5.2176323362764e-05	NA	NA	NA	NA	NA	2.77186717864684e-05	NA	NA	NA	NA	NA	NA	NA	NA	NA	NA	NA	NA	NA	NA	NA	NA	NA	NA	NA	NA	NA	NA	NA	NA	NA	NA	NA	NA	NA	1.95661212610365e-05	NA	NA	NA	NA	NA	NA	NA	NA	NA	NA	NA	NA	NA	NA	NA	NA	NA	NA	NA	NA	NA	NA	NA	NA	NA	NA	NA	NA	NA	NA	NA	NA	NA	NA	NA	NA	NA	NA	NA	NA	NA	NA	NA	NA	NA	NA	NA	NA	NA	NA	NA	NA	NA	NA	NA	NA	NA	NA	NA	NA	NA	NA	NA	NA	NA	NA	NA	NA	NA	NA	NA	NA	NA	NA	NA	NA	NA	NA	NA	NA	NA	NA	NA	NA	NA	NA	NA	NA	NA	NA	NA	NA	NA	NA	NA	NA	NA	NA	NA	NA	NA	NA	NA	NA	NA	NA	NA	NA	NA	NA	NA	NA	NA	NA	NA	NA	NA	NA	NA	NA	NA	NA	NA	NA	NA	NA	NA	NA	NA	NA	NA	NA	NA	NA	NA	NA	NA	NA	NA	NA	NA	NA	NA	NA	NA	NA	NA	NA	NA	NA	NA	NA	NA	NA	NA	NA	NA	NA	NA	NA	NA	NA	NA	NA	NA	NA	NA	NA	NA	NA	NA	9.78306063051826e-06	NA	NA	NA	NA	NA	NA	NA	NA	NA	2.20118864186661e-05	NA	NA	NA	NA	NA	8.96780557797507e-06	3.58712223119003e-05	NA	NA	NA	NA	NA	NA	NA	NA	NA	NA	NA	NA	NA	NA	NA	NA	NA	NA	NA	NA	NA	NA	NA	NA	NA	NA	NA	NA	NA	NA	NA	NA	NA	NA	NA	NA	NA	NA	NA	NA	NA	NA	NA	NA	NA	NA	NA	NA	NA	NA	NA	NA	NA	NA	NA	NA	NA	NA	NA	NA	NA	NA	NA	NA	NA	NA	NA	NA	NA	NA	NA	NA	NA	NA	NA	NA	NA	NA	NA	NA	NA	NA	NA	NA	NA	NA	NA	NA	NA	NA	NA	NA	NA	NA	NA	NA	NA	NA	NA	NA	6.9296679466171e-05	NA	NA	NA	NA	NA	NA	NA	NA	NA	NA	NA	NA	NA	NA	NA	NA	NA	NA	NA	NA	NA	NA	NA	NA	NA	NA	NA	NA	NA	NA	NA	NA	NA	NA	NA	NA	NA	NA	NA	NA	NA	NA	NA	NA	NA	NA	NA	1.05983156830614e-05	NA	NA	NA	NA	NA	NA	NA	NA	NA	NA	NA	NA	NA	NA	NA	NA	NA	NA	NA	NA	NA	NA	NA	NA	NA	NA	NA	NA	NA	NA	NA	NA	NA	NA	6.35898940983687e-05	NA	NA	NA	NA	NA	NA	NA	NA	NA	NA	NA	NA	NA	NA	NA	NA	NA	NA	NA	NA	NA	NA	NA	NA	NA	NA	NA	NA	NA	NA	NA	NA	NA	NA	NA	NA	NA	NA	NA	NA	NA	1.14135707356046e-05	NA	NA	NA	NA	NA	NA	NA	4.07627526271594e-05	3.50559672593571e-05	NA	NA	NA	NA	NA	NA	NA	NA	NA	NA	NA	NA	NA	NA	NA	NA	NA	NA	NA	NA	NA	NA	NA	NA	NA	NA	NA	NA	NA	NA	NA	NA	NA	NA	NA	NA	NA	NA	NA	NA	NA	NA	NA	NA	NA	NA	NA	NA	NA	NA	NA	NA	NA	NA	NA	NA	NA	NA	NA	NA	NA	NA	NA	NA	NA	NA	NA	NA	NA	NA	NA	NA	NA	NA	NA	NA	NA	NA	NA	NA	NA	NA	NA	NA	NA	NA	NA	NA	NA	NA	NA	NA	NA	NA	NA	NA	NA	NA	NA	NA	NA	NA	NA	NA	NA	NA	NA	NA	NA	NA	NA	NA	NA	NA	NA	NA	NA	NA	NA	NA	NA	NA	NA	NA	NA	NA	NA	NA	NA	NA	NA	NA	NA	NA	NA	NA	NA	NA	NA	NA	NA	NA	NA	NA	NA	NA	NA	NA	NA	NA	NA	NA	NA	NA	NA	NA	NA	NA	NA	NA	NA	NA	NA	NA	NA	NA	NA	NA	NA	NA	NA	NA	NA	NA	NA	NA	NA	NA	NA	NA	NA	NA	NA	NA	NA	NA	NA	NA	NA	NA	NA	NA	NA	NA	NA	NA	NA	NA	NA	NA	NA	NA	NA	NA	NA	NA	NA	NA	NA	NA	NA	NA	NA	NA	NA	NA	NA	NA	NA	NA	NA	NA	NA	NA	NA	NA	NA	NA	NA	NA	NA	NA	NA	NA	NA	NA	NA	NA	NA	NA	NA	NA	NA	NA	NA	NA	NA	NA	NA	NA	NA	NA	NA	NA	NA	NA	NA	NA	NA	NA	NA	NA	NA	NA	NA	NA	NA	NA	NA	NA	NA	NA	NA	NA	NA	NA	NA	NA	NA	NA	NA	NA	NA	NA	NA	NA	NA	NA	NA	NA	NA	NA	NA	NA	NA	NA	NA	NA	NA	NA	NA	NA	NA	NA	NA	NA	NA	NA	NA	NA	NA	NA	NA	NA	NA	NA	NA	NA	NA	NA	NA	NA	NA	NA	NA	NA	NA	NA	NA	NA	NA	NA	NA	NA	NA	NA	NA	NA	NA	NA	NA	NA	NA	NA	NA	NA	NA	NA	NA	NA	NA	NA	NA	NA	NA	NA	NA	NA	NA	NA	NA	NA	NA	NA	NA	NA	NA	NA	NA	NA	NA	NA	NA	NA	NA	NA	NA	NA	NA	NA	NA	NA	NA	NA	NA	NA	NA	NA	NA	NA	NA	NA	NA	NA	NA	NA	NA	NA	NA	NA	NA	NA	NA	NA	NA	NA	NA	NA	NA	NA	NA	NA	NA	NA	NA	NA	NA	NA	NA	NA	NA	NA	NA	NA	NA	NA	NA	NA	NA	NA	NA	NA	NA	NA	NA	NA	NA	NA	NA	NA	NA	NA	NA	NA	NA	NA	NA	NA	NA	NA	NA	NA	NA	NA	NA	NA	NA	NA	NA	NA	NA	NA	NA	NA	NA	NA	NA	NA	NA	NA	NA	NA	NA	NA	NA	NA	NA	NA	NA	NA	NA	NA	NA	NA	NA	NA	NA	NA	NA	NA	NA	NA	NA	NA	NA	NA	NA	NA	NA	NA	NA	NA	NA	NA	NA	NA	NA	NA	NA	NA	NA	NA	NA	NA	NA	NA	NA	NA	NA	NA	NA	NA	NA	NA	NA	NA	NA	NA	NA	NA	NA	NA	NA	NA	NA	NA	NA	NA	NA	NA	NA	NA	NA	NA	NA	NA	NA	NA	NA	NA	NA	NA	NA	NA	NA	NA	NA	NA	NA	NA	NA	NA	NA	NA	NA	NA	NA	NA	NA	NA	NA	NA	NA	NA	NA	NA	NA	NA	NA	NA	NA	NA	NA	NA	NA	NA	NA	NA	NA	NA	NA	NA	NA	NA	NA	NA	NA	NA	NA	NA	NA	NA	NA	NA	NA	NA	NA	NA	NA	NA	NA	NA	NA	NA	NA	NA	NA	NA	NA	NA	NA	NA	NA	NA	NA	NA	NA	NA	NA	NA	NA	NA	NA	NA	NA	NA	NA	NA	NA	NA	NA	NA	NA	NA	NA	NA	NA	NA	NA	NA	NA	NA	NA	NA	NA	NA	NA	NA	NA	NA	NA	NA	NA	NA	NA	NA	NA	NA	NA	NA	NA	NA	NA	NA	NA	NA	NA	NA	NA	NA	NA	NA	NA	NA	NA	NA	NA	NA	NA	NA	NA	NA	NA	NA	NA	NA	NA	NA	NA	NA	NA	NA	NA	NA	NA	NA	NA	NA	NA	NA
SLC_SMT_NEG_142J	0.0026629535194612	0.106509934323743	0.411332539495615	3.69290461719761e-06	NA	1.39099407247777e-05	7.7961319696394e-07	4.02936926009784e-05	9.43742291061612e-06	0.0417063106816035	0.168587825067929	1.63718771362427e-05	0.00615783638462997	1.8751749000659e-05	0.000185260714962747	0.000132247017569199	NA	0.0220160304886205	0.0532669075534671	6.12611843719559e-05	3.2005173349046e-06	6.11380875513827e-06	1.51819412040346e-06	1.23096820573254e-06	5.76093120282827e-05	0.00452832170615476	0.0076326183596446	0.00085289683747855	0.000239956735570796	4.34121453888341e-05	2.96663337581541e-05	7.55404155584533e-05	3.43029806664134e-05	2.11726531385996e-05	0.00180451732505685	0.00141294633881333	0.00153883335398624	0.000372244785413519	0.000129620952063636	1.66180707773892e-05	8.57574516660334e-06	9.88877791938471e-06	4.51355008768597e-06	5.21109873760107e-06	2.99535596728251e-06	2.62606550556275e-06	2.2978073173674e-06	0.00167633250256657	2.63427196026763e-05	1.46074893746928e-05	0.0017251198757871	0.000121619658726375	3.25796251783878e-05	0.000709530073784234	9.43742291061612e-07	1.18993593220812e-06	8.37058379898125e-06	3.85703371129528e-06	0.000774607259593961	3.06921405962646e-05	4.51355008768597e-06	3.61084007014877e-06	0.00010959720258372	1.04632297487266e-05	4.92387282293015e-07	1.35406502630579e-06	2.25677504384298e-06	2.42090413794066e-06	2.17471049679415e-06	1.47716184687904e-06	NA	1.27200047925695e-06	1.35406502630579e-06	1.55922639392788e-06	1.39509729983021e-06	6.28614430394082e-05	9.43742291061612e-07	5.33419555817433e-07	NA	7.38580923439522e-07	9.02710017537194e-07	1.20224561426544e-05	0.000171063548323298	2.86815591935681e-05	1.62077480421451e-05	2.3470460455967e-05	4.51355008768597e-06	1.17352302279835e-05	8.32955152545683e-06	6.44206694333361e-06	6.56516376390686e-06	6.48309921685803e-06	5.37522783169874e-06	9.92981019290913e-06	1.46895539217416e-05	1.43202634600218e-05	3.15948506138018e-06	5.33419555817433e-07	3.03638824080692e-06	4.10322735244179e-06	6.56516376390686e-07	4.92387282293015e-07	5.74451829341851e-07	9.84774564586029e-07	1.10787138515928e-06	6.15484102866268e-07	3.86524016600017e-05	5.30547296670723e-05	0.00688743124016764	0.000314512376564663	0.0045677126887382	3.98833698657342e-05	9.24046799769891e-05	0.000141438246838668	6.22049266630175e-05	9.87646823732739e-05	8.60857098542287e-05	0.000198308977943512	2.08854272239287e-05	0.000239874671023747	3.1225560152082e-05	1.18993593220812e-05	1.48536830158393e-05	1.41971666394486e-05	4.92387282293015e-06	3.07742051433134e-06	1.48947152893637e-05	9.92981019290913e-06	8.247486978408e-06	3.56980779662436e-06	3.4467109760511e-06	4.63664690825922e-06	1.1489036586837e-06	2.54400095851391e-06	3.07742051433134e-06	2.62606550556275e-06	6.97548649915104e-07	1.68232321450113e-06	5.74451829341851e-07	0.013543317360837	0.0374687846979163	3.8980659848197e-06	0.00198247429533225	1.05452942957754e-05	0.000590659577383996	0.00042538157962764	0.000203314915313491	0.000891672335959125	3.83651757453307e-05	4.26735644653946e-05	3.07742051433134e-06	4.55868558856283e-05	1.73156194273044e-05	2.66709777908716e-06	9.68361655176262e-06	3.63545943426343e-05	8.73987426070101e-06	4.92387282293015e-06	1.96954912917206e-06	1.51819412040346e-05	1.31303275278137e-05	7.87819651668824e-06	3.77496916424645e-06	5.41626010522316e-06	4.88284054940573e-06	1.80542003507439e-06	2.68351068849693e-05	3.03638824080692e-06	4.14425962596621e-06	3.77496916424645e-06	2.62606550556275e-06	6.11380875513827e-06	7.0985833197243e-06	1.64129094097672e-06	3.81600143777086e-06	6.36000239628477e-06	1.16121334074103e-05	5.37522783169874e-06	3.81600143777086e-06	5.45729237874758e-06	6.56516376390686e-07	5.53935692579642e-06	2.91329142023367e-06	1.68232321450113e-06	4.18529189949063e-06	4.51355008768597e-06	2.50296868498949e-06	3.36464642900227e-06	1.76438776154997e-06	4.10322735244179e-07	4.10322735244179e-07	2.58503323203833e-06	1.47716184687904e-06	1.02580683811045e-06	4.51355008768597e-07	8.61677744012776e-07	0.00840509194101529	0.00559778688329519	0.00110175757640414	0.00208891201285459	0.00195847041532047	0.000462146496705519	0.00243460891729781	0.000236551056868269	5.7240021566563e-05	6.30255721335059e-05	0.000315989538411542	7.0985833197243e-06	4.40686617652248e-05	2.92149787493855e-05	2.76557523554577e-05	2.00647817534403e-05	1.57974253069009e-05	9.19122926946961e-06	9.97084246643355e-06	1.15711011338858e-05	2.91329142023367e-05	9.76568109881146e-06	1.36227148101067e-05	1.23096820573254e-05	1.18172947750324e-05	1.50998766569858e-05	1.12428429456905e-05	6.72929285800454e-06	1.2473811151423e-05	5.86761511399176e-06	5.53935692579642e-06	8.04232561078591e-06	9.80671337233588e-06	1.13249074927393e-05	1.0504262022251e-05	1.50178121099369e-05	1.00529070134824e-05	6.48309921685803e-06	4.5956146347348e-06	6.60619603743128e-06	4.06219507891737e-06	1.92851685564764e-06	6.40103466980919e-06	6.1958733021871e-06	8.65780971365218e-06	4.14425962596621e-06	3.15948506138018e-06	6.1958733021871e-06	3.93909825834412e-06	3.65187234367319e-06	1.02580683811045e-06	4.14425962596621e-06	1.92851685564764e-06	4.92387282293015e-07	1.18993593220812e-06	2.21574277031857e-06	9.43742291061612e-07	8.61677744012776e-07	2.2978073173674e-06	1.72335548802555e-06	1.10787138515928e-06	6.15484102866268e-07	2.17471049679415e-06	9.43742291061612e-07	4.51355008768597e-06	9.10916472242077e-06	1.31303275278137e-06	1.18993593220812e-06	NA	0.0124814841865721	0.000782485456110649	0.00019104626552969	0.000189487039135762	0.000754829703755192	0.000134996179895335	6.89752517945465e-05	4.33300808417853e-05	5.74451829341851e-06	2.18291695149903e-05	2.60965259615298e-05	3.36464642900227e-06	2.04340722151601e-05	9.80671337233588e-06	5.74451829341851e-06	5.90864738751618e-06	0.00666479012402415	0.00562597605520646	0.000284066429609545	0.000589428609178263	0.00034151161254373	2.77378169025065e-05	0.000100364941040726	3.3482335195925e-05	8.247486978408e-06	3.57801425132924e-05	1.60846512215718e-05	4.71871145530806e-06	2.37987186441624e-06	3.28258188195343e-06	2.2978073173674e-06	2.21574277031857e-06	2.21574277031857e-06	2.42090413794066e-06	2.46193641146507e-06	0.000292642174776148	3.35233674694494e-05	0.000690696260236526	1.62077480421451e-05	1.6987361239109e-05	1.88748458212322e-06	1.10787138515928e-06	2.2978073173674e-06	1.55922639392788e-06	1.31303275278137e-06	0.00016068238312162	6.36820885098966e-05	8.53471289307892e-06	9.43742291061612e-06	6.03174420808943e-06	4.75974372883248e-06	7.38580923439522e-07	1.47716184687904e-06	7.71406742259056e-06	2.53989773116147e-05	1.80542003507439e-06	2.33883959089182e-06	2.26498149854787e-05	9.35535836356728e-06	2.46193641146507e-06	3.85703371129528e-06	2.01058140269648e-06	NA	1.88748458212322e-06	0.000139714891350643	2.13367822326973e-05	3.29078833665832e-05	7.09448009237185e-05	8.4936806195545e-06	8.41161607250567e-06	4.14425962596621e-06	1.84645230859881e-06	1.76438776154997e-06	4.84180827588131e-06	7.96026106373707e-06	7.26271241382197e-06	7.46787378144406e-06	4.26735644653946e-05	7.38580923439522e-06	6.89752517945465e-05	2.749162326136e-05	3.81600143777086e-06	2.87225914670925e-06	3.69290461719761e-06	3.11845278785576e-06	4.30838872006388e-06	NA	7.87819651668824e-06	4.3494209935883e-05	3.36464642900227e-06	8.9450356283231e-06	2.87225914670925e-06	1.31303275278137e-06	4.92387282293015e-06	2.59323968674321e-05	1.68232321450113e-06	2.48655577557972e-05	5.37522783169874e-06	1.18993593220812e-06	2.13367822326973e-06	1.07914879369219e-05	9.23226154299403e-06	4.05398862421249e-05	NA	9.80671337233588e-06	3.11845278785576e-06	NA	3.03638824080692e-06	1.71104580596823e-05	7.13961559324871e-06	4.95669864174968e-05	5.62142147284525e-06	8.37058379898125e-06	0.000567558407389748	3.73393689072203e-05	3.98833698657342e-05	2.87225914670925e-06	2.43321381999798e-05	9.02710017537194e-07	1.02580683811045e-06	4.92387282293015e-07	1.23096820573254e-06	1.36227148101067e-05	1.02580683811045e-06	1.80542003507439e-06	6.08508616367117e-05	1.34175534424847e-05	9.84774564586029e-07	1.11607783986417e-05	3.98013053186854e-06	5.45729237874758e-06	NA	9.10916472242077e-06	8.20645470488358e-07	1.88338135477078e-05	2.91329142023367e-06	0.000316687087061457	4.92797605028259e-05	1.37868439042044e-05	1.18583270485568e-05	6.1958733021871e-06	1.96954912917206e-06	3.15948506138018e-06	1.55922639392788e-06	6.15484102866268e-07	8.00129333726149e-06	0.000358088651047595	8.12849338518719e-05	8.82193880774985e-06	1.18993593220812e-06	1.72335548802555e-06	0.000852978902025599	4.8992534588155e-05	2.08854272239287e-05	2.2978073173674e-06	1.53460702981323e-05	8.61677744012776e-07	NA	1.08735524839707e-05	8.37058379898125e-06	9.43742291061612e-07	2.50296868498949e-06	2.25677504384298e-06	1.55922639392788e-06	6.97548649915104e-07	1.00529070134824e-05	NA	NA	NA	0.000151450121578626	2.10495563180264e-05	8.86297108127427e-06	6.97548649915104e-07	8.61677744012776e-07	9.43742291061612e-07	5.74451829341851e-07	0.000148988185167161	3.07742051433134e-06	1.51819412040346e-06	5.1741696914291e-05	5.53935692579642e-06	2.15419436003194e-05	2.05161367622089e-06	8.82193880774985e-06	0.00296741298901238	0.000197939687481792	1.83824585389392e-05	0.000243034156085127	0.00128541803269944	9.31432609004286e-06	1.33765211689602e-05	3.4467109760511e-05	9.06813244889636e-06	2.3757686370638e-05	0.00309338206873234	8.48957739220206e-05	1.43612957335463e-05	2.87225914670925e-06	8.00129333726149e-06	4.75974372883248e-06	1.34175534424847e-05	2.37987186441624e-06	0.000308849922818293	0.00106445923977045	0.000157399801239667	0.000626193526256141	0.000230560344933704	7.94384815432731e-05	5.06338255291317e-05	6.07687970896629e-05	0.00144396673759779	8.86297108127427e-06	9.15019699594519e-06	1.05452942957754e-05	5.498324652272e-06	2.66709777908716e-06	2.17471049679415e-06	2.2978073173674e-06	1.12838752192149e-05	0.0001233430142144	5.33419555817433e-07	2.42090413794066e-05	2.01058140269648e-06	8.78090653422543e-06	1.14480043133126e-05	0.000100980425143592	8.37879025368613e-05	1.43612957335463e-06	4.75974372883248e-06	1.39509729983021e-06	1.1489036586837e-06	6.15484102866268e-07	2.67120100643961e-05	7.86588683463091e-05	0.00053005490938843	5.12903419055224e-06	2.46193641146507e-06	6.93445422562662e-06	1.92851685564764e-06	NA	5.33419555817433e-07	3.85293048394284e-05	1.80542003507439e-06	NA	NA	1.1489036586837e-06	0.000848465351937913	4.92387282293015e-07	3.0733172869789e-05	2.91329142023367e-05	4.00064666863074e-05	3.20462056225704e-05	4.51355008768597e-07	2.2978073173674e-06	1.25969079719963e-05	4.63664690825922e-06	6.56516376390686e-06	2.99535596728251e-06	7.71406742259056e-06	8.16542243135916e-06	0.000141233085471046	1.23096820573254e-05	1.23507143308498e-05	3.81600143777086e-06	2.37987186441624e-06	8.57574516660334e-06	6.89342195210221e-06	1.09556170310196e-05	2.87225914670925e-06	1.27200047925695e-06	1.32123920748626e-05	1.10787138515928e-06	9.19122926946961e-06	2.26498149854787e-05	1.12428429456905e-05	1.55922639392788e-06	6.15484102866268e-07	6.68826058448012e-06	NA	6.97548649915104e-07	8.20645470488358e-06	2.2978073173674e-06	5.74451829341851e-07	2.87636237406169e-05	1.98185881122938e-05	1.27200047925695e-06	3.15948506138018e-06	1.48536830158393e-05	6.93445422562662e-06	8.247486978408e-06	0.000129128564781343	4.14425962596621e-06	NA	NA	1.80542003507439e-06	2.749162326136e-06	9.56051973118937e-06	3.61084007014877e-06	9.02710017537194e-07	7.38580923439522e-07	1.76438776154997e-06	1.18993593220812e-06	1.06683911163487e-06	4.02116280539295e-06	NA	1.06683911163487e-06	2.05161367622089e-06	0.000496777735560127	8.9450356283231e-05	3.4467109760511e-06	3.36464642900227e-06	3.55749811456703e-05	1.13659397662638e-05	0.000987893017373885	5.99071193456501e-06	8.00129333726149e-06	1.6002586674523e-06	1.35406502630579e-06	7.7961319696394e-06	1.31303275278137e-06	1.6002586674523e-06	6.23690557571152e-06	5.62142147284525e-06	7.01651877267546e-06	1.35406502630579e-06	2.62606550556275e-06	1.31303275278137e-06	6.56516376390686e-07	1.96954912917206e-06	2.01058140269648e-06	6.56516376390686e-07	5.12903419055224e-06	NA	NA	8.20645470488358e-07	NA	9.84774564586029e-07	7.38580923439522e-06	9.88877791938471e-06	1.60436189480474e-05	4.39045326711272e-06	1.17762625015079e-05	1.55922639392788e-06	1.23096820573254e-06	NA	1.1489036586837e-06	4.71871145530806e-06	5.32598910346944e-05	6.72929285800454e-06	2.05982013092578e-05	6.60619603743128e-06	1.96954912917206e-06	7.7961319696394e-07	3.11845278785576e-06	9.43742291061612e-07	8.61677744012776e-07	5.74451829341851e-07	1.10787138515928e-06	1.23096820573254e-06	0.000643303984315824	0.000175454001590411	3.15948506138018e-06	4.84180827588131e-06	7.50890605496847e-06	0.00128738758182861	6.97548649915104e-07	5.94967966104059e-06	2.03109753945869e-05	2.17881372414659e-05	8.4936806195545e-06	7.50890605496847e-06	3.2005173349046e-06	NA	2.79019459966042e-06	1.3253424348387e-05	0.00014061760136818	4.43148554063713e-06	NA	8.61677744012776e-07	1.31303275278137e-06	2.09264594974531e-06	1.96954912917206e-06	6.56516376390686e-07	4.51355008768597e-07	4.92387282293015e-07	5.00593736997898e-06	2.21574277031857e-06	1.80542003507439e-06	0.000163308448627183	2.40859445588333e-05	3.65187234367319e-06	8.20645470488358e-07	1.76438776154997e-06	8.20645470488358e-07	NA	4.02116280539295e-06	2.13367822326973e-05	2.09674917709775e-05	9.56051973118937e-06	NA	NA	1.39920052718265e-05	7.38580923439522e-06	1.84645230859881e-06	1.84645230859881e-06	4.43148554063713e-06	2.37987186441624e-06	6.15484102866268e-07	1.43612957335463e-06	6.56516376390686e-07	5.33419555817433e-07	1.76438776154997e-06	4.10322735244179e-07	1.47716184687904e-06	NA	2.33883959089182e-06	3.12665924256064e-05	2.99535596728251e-06	2.37987186441624e-06	1.76438776154997e-06	NA	9.43742291061612e-07	0.000484919408511571	1.96954912917206e-06	5.82658284046734e-06	3.29078833665832e-05	5.1741696914291e-05	2.13367822326973e-06	4.10322735244179e-07	9.31432609004286e-06	6.48309921685803e-06	NA	3.36464642900227e-06	4.10322735244179e-07	8.53471289307892e-06	3.24154960842901e-05	0.000162528835430219	1.23096820573254e-06	NA	0.000528864973456222	4.14425962596621e-06	5.29316328464991e-06	0.000181649874892598	1.0504262022251e-05	2.91329142023367e-06	0.000149767798364125	1.10376815780684e-05	1.39509729983021e-06	9.84774564586029e-06	2.572723549981e-05	3.42619483928889e-05	NA	2.49065900293217e-05	2.25677504384298e-06	2.54400095851391e-06	6.93035099827418e-05	8.20645470488358e-06	1.23096820573254e-06	1.31303275278137e-06	0.000552581627553336	1.06683911163487e-06	8.08335788431033e-06	NA	9.31432609004286e-06	4.10322735244179e-06	3.36464642900227e-06	1.64129094097672e-06	2.54400095851391e-06	NA	6.15484102866268e-07	4.92387282293015e-07	7.38580923439522e-07	5.21109873760107e-06	NA	6.15484102866268e-06	6.15484102866268e-07	3.65187234367319e-06	4.43148554063713e-06	1.64129094097672e-06	0.000247506673899289	5.00593736997898e-06	1.72335548802555e-05	0.000147182765132087	5.23571810171572e-05	0.000126174241087585	0.000102129328802276	1.22276175102765e-05	0.000210044208171495	1.8751749000659e-05	9.15019699594519e-06	5.86761511399176e-06	4.18529189949063e-06	1.41971666394486e-05	5.12903419055224e-06	4.71871145530806e-06	2.27729118060519e-05	4.92387282293015e-06	4.55458236121039e-06	4.80077600235689e-06	1.6002586674523e-06	3.77496916424645e-06	1.92851685564764e-06	5.29316328464991e-06	3.77496916424645e-06	2.99535596728251e-06	2.05161367622089e-06	1.76438776154997e-06	2.46193641146507e-06	1.23096820573254e-06	3.55339488721459e-05	6.72929285800454e-06	0.000530588328944248	2.70813005261158e-05	8.78090653422543e-06	2.49065900293217e-05	1.34585857160091e-05	1.76849098890241e-05	1.31303275278137e-06	2.749162326136e-05	1.32944566219114e-05	3.79548530100866e-05	4.75974372883248e-06	8.9450356283231e-06	4.06219507891737e-06	6.52413149038245e-06	1.43612957335463e-06	0.000191825878726654	1.91210394623787e-05	9.47845518414053e-06	5.33419555817433e-07	9.02710017537194e-07	5.33419555817433e-06	3.28258188195343e-06	5.08800191702782e-06	5.86761511399176e-06	2.95432369375809e-06	2.66709777908716e-06	2.33883959089182e-06	5.74451829341851e-06	3.81600143777086e-06	5.25213101112549e-06	3.85703371129528e-06	1.76438776154997e-06	9.76568109881146e-06	4.80077600235689e-06	3.11845278785576e-05	2.83122687318483e-06	0.000285666688276997	3.69290461719761e-06	1.84645230859881e-05	2.62606550556275e-06	4.22632417301504e-06	0.000126051144267012	1.84645230859881e-05	1.64129094097672e-06	2.37987186441624e-06	1.33765211689602e-05	1.01760038340556e-05	1.02580683811045e-06	4.26735644653946e-06	1.05863265692998e-05	1.31303275278137e-05	1.92851685564764e-06	2.13367822326973e-06	7.3734995523379e-05	9.10916472242077e-06	1.68232321450113e-06	1.31303275278137e-06	3.36464642900227e-06	2.83122687318483e-06	NA	1.35406502630579e-06	1.02580683811045e-06	5.74451829341851e-07	2.79019459966042e-06	1.06683911163487e-06	1.51819412040346e-06	1.35406502630579e-06	2.58503323203833e-06	2.13367822326973e-06	6.29024753129326e-05	3.8488272565904e-05	2.41269768323577e-05	3.4467109760511e-06	1.72335548802555e-06	8.12439015783474e-06	9.68361655176262e-06	5.38343428640363e-05	8.32955152545683e-06	5.00593736997898e-06	9.38818418238681e-05	3.15948506138018e-06	6.93445422562662e-06	2.05161367622089e-06	1.6002586674523e-06	1.68232321450113e-06	5.0469696435034e-06	2.46193641146507e-06	2.13367822326973e-06	1.92851685564764e-06	1.70283935126334e-05	9.98315214849087e-05	1.47716184687904e-06	5.66245374636967e-06	1.45664571011684e-05	9.43742291061612e-07	9.23226154299403e-06	1.72335548802555e-06	1.80542003507439e-06	1.23096820573254e-06	NA	0.000266258422899948	0.000132370114389772	5.00593736997898e-06	8.45264834603009e-06	6.31897012276036e-06	1.47716184687904e-06	2.11316208650752e-05	4.5956146347348e-06	5.53935692579642e-06	NA	NA	3.11845278785576e-06	4.62844045355434e-05	3.77496916424645e-06	0.000624716364409262	9.97084246643355e-06	0.000615525135139793	5.53525369844397e-05	0.000151860444313871	3.69290461719761e-06	1.63718771362427e-05	1.80542003507439e-06	3.36464642900227e-06	1.41151020923998e-05	2.2978073173674e-06	1.76438776154997e-06	4.3494209935883e-06	6.56516376390686e-07	3.77496916424645e-06	2.46193641146507e-06	6.56516376390686e-07	NA	4.51355008768597e-07	4.10322735244179e-07	3.28258188195343e-06	4.47251781416155e-06	6.15484102866268e-07	1.0011874739958e-05	3.77496916424645e-06	0.000384841693385515	4.18529189949063e-06	2.05161367622089e-06	8.96555176508531e-05	NA	3.9965434412783e-05	7.38580923439522e-06	1.23096820573254e-06	6.46258308009582e-05	5.12903419055224e-06	1.04632297487266e-05	4.2714596738919e-05	1.55922639392788e-06	2.91329142023367e-06	0.00015120392793748	2.11316208650752e-05	8.16542243135916e-06	3.15948506138018e-06	NA	1.07504556633975e-05	NA	NA	5.74451829341851e-06	3.65187234367319e-06	0.00010151384469941	4.51355008768597e-07	7.78792551493452e-05	5.25213101112549e-06	1.12838752192149e-05	NA	0.000242008349247017	9.10916472242077e-06	0.00012937475842249	0.00048565798943501	NA	NA	NA	NA	NA	3.95551116775388e-05	5.74451829341851e-07	2.13367822326973e-05	2.25677504384298e-06	9.80671337233588e-06	2.42090413794066e-06	NA	0.000559967436787731	NA	0.000115300688603614	3.93909825834412e-05	4.96490509645457e-06	NA	1.29661984337161e-05	NA	5.33419555817433e-07	NA	7.7961319696394e-07	8.20645470488358e-07	NA	NA	NA	9.43742291061612e-07	8.45264834603009e-06	NA	NA	NA	0.00032005173349046	8.00129333726149e-05	0.000526936456600575	0.00469745673762241	NA	1.78080067095974e-05	7.83716424316382e-06	4.92387282293015e-07	6.07277648161385e-06	NA	NA	1.10787138515928e-06	NA	5.90864738751618e-06	2.58093000468589e-05	0.000110007525318964	3.40157547517424e-05	NA	0.000471830113257281	9.84774564586029e-07	1.24327788778986e-05	6.15484102866268e-07	4.55458236121039e-06	2.83122687318483e-06	2.50296868498949e-06	6.15484102866268e-07	0.000334371996950481	1.198142386913e-05	NA	5.0469696435034e-06	NA	NA	NA	NA	1.35406502630579e-06	NA	NA	7.67303514906615e-06	1.76438776154997e-06	NA	1.39509729983021e-06	0.000166385869141515	NA	1.10787138515928e-06	5.74451829341851e-07	3.36464642900227e-06	2.13367822326973e-06	3.70111107190249e-05	9.43742291061612e-07	1.88748458212322e-06	7.83716424316382e-06	4.92387282293015e-07	5.33419555817433e-07	3.03638824080692e-06	5.74451829341851e-07	9.02710017537194e-07	4.10322735244179e-07	3.48774324957552e-06	1.02580683811045e-06	1.10787138515928e-06	1.10787138515928e-06	8.61677744012776e-07	1.80542003507439e-06	1.55922639392788e-06	9.02710017537194e-07	6.97548649915104e-07	5.74451829341851e-07	5.33419555817433e-07	4.10322735244179e-07	4.10322735244179e-07	1.72335548802555e-06	1.39509729983021e-06	1.31303275278137e-06	1.18993593220812e-06	1.02580683811045e-06	9.43742291061612e-07	8.61677744012776e-07	8.20645470488358e-07	7.7961319696394e-07	5.74451829341851e-07	5.33419555817433e-07	7.7961319696394e-07	1.35406502630579e-06	1.18993593220812e-06	4.10322735244179e-07	1.10787138515928e-06	4.10322735244179e-07	1.31303275278137e-06	6.97548649915104e-07	7.38580923439522e-07	7.38580923439522e-07	1.06683911163487e-06	6.68826058448012e-06	4.3494209935883e-06	5.33419555817433e-07	6.56516376390686e-07	9.02710017537194e-07	6.15484102866268e-07	5.33419555817433e-06	1.43612957335463e-06	1.10787138515928e-06	1.10787138515928e-06	7.7961319696394e-07	6.56516376390686e-07	5.33419555817433e-07	2.09264594974531e-06	1.84645230859881e-06	6.97548649915104e-07	7.38580923439522e-07	1.80542003507439e-06	4.02116280539295e-06	2.17471049679415e-06	7.7961319696394e-07	7.7961319696394e-07	6.97548649915104e-07	5.74451829341851e-07	1.02580683811045e-06	4.10322735244179e-07	1.06683911163487e-06	3.24154960842901e-06	2.70813005261158e-06	2.13367822326973e-06	1.80542003507439e-06	5.74451829341851e-07	5.78555056694292e-06	5.53935692579642e-06	2.50296868498949e-06	2.21574277031857e-06	2.01058140269648e-06	1.84645230859881e-06	1.92851685564764e-06	1.72335548802555e-06	1.6002586674523e-06	1.51819412040346e-06	1.02580683811045e-06	8.61677744012776e-07	7.38580923439522e-07	5.74451829341851e-07	4.92387282293015e-07	8.78090653422543e-06	1.55922639392788e-06	1.27200047925695e-06	1.02580683811045e-06	9.84774564586029e-07	5.33419555817433e-07	4.92387282293015e-07	4.5956146347348e-06	2.01058140269648e-06	1.43612957335463e-06	1.27200047925695e-06	1.1489036586837e-06	9.02710017537194e-07	8.20645470488358e-07	6.56516376390686e-07	6.56516376390686e-07	6.56516376390686e-07	6.15484102866268e-07	6.15484102866268e-07	6.15484102866268e-07	5.74451829341851e-07	6.15484102866268e-07	4.92387282293015e-07	4.92387282293015e-07	4.51355008768597e-07	4.51355008768597e-07	2.2978073173674e-06	1.18993593220812e-06	1.1489036586837e-06	6.97548649915104e-07	1.35406502630579e-06	1.06683911163487e-06	8.61677744012776e-07	8.20645470488358e-07	4.92387282293015e-07	2.42090413794066e-06	1.31303275278137e-06	1.27200047925695e-06	8.61677744012776e-07	6.97548649915104e-07	4.92387282293015e-07	4.10322735244179e-07	6.97548649915104e-07	4.51355008768597e-07	4.10322735244179e-07	1.35406502630579e-06	1.18993593220812e-06	9.02710017537194e-07	6.56516376390686e-07	1.23096820573254e-06	2.17471049679415e-06	1.96954912917206e-06	1.80542003507439e-06	1.51819412040346e-06	1.43612957335463e-06	1.47716184687904e-06	1.23096820573254e-06	1.27200047925695e-06	1.23096820573254e-06	7.7961319696394e-07	6.56516376390686e-07	6.56516376390686e-07	6.97548649915104e-07	5.74451829341851e-07	6.56516376390686e-07	5.74451829341851e-07	5.33419555817433e-07	4.92387282293015e-07	4.92387282293015e-07	4.51355008768597e-07	4.51355008768597e-07	4.10322735244179e-07	4.10322735244179e-07	4.10322735244179e-07	4.10322735244179e-07	7.7961319696394e-07	6.97548649915104e-07	4.10322735244179e-07	4.51355008768597e-06	9.02710017537194e-07	9.02710017537194e-07	6.97548649915104e-07	6.15484102866268e-07	5.74451829341851e-07	4.10322735244179e-07	4.10322735244179e-07	2.01058140269648e-06	2.58503323203833e-06	2.09264594974531e-06	1.31303275278137e-06	8.20645470488358e-07	6.97548649915104e-07	5.74451829341851e-07	3.93909825834412e-06	3.4467109760511e-06	1.47716184687904e-06	1.39509729983021e-06	1.39509729983021e-06	1.23096820573254e-06	7.38580923439522e-07	6.56516376390686e-07	6.56516376390686e-07	6.97548649915104e-07	4.92387282293015e-07	4.51355008768597e-07	1.08735524839707e-05	1.55922639392788e-06	1.06683911163487e-06	1.10787138515928e-06	7.38580923439522e-07	6.97548649915104e-07	6.56516376390686e-07	6.15484102866268e-07	5.74451829341851e-07	5.33419555817433e-07	4.92387282293015e-07	4.51355008768597e-07	4.10322735244179e-07	4.51355008768597e-07	2.01058140269648e-06	9.02710017537194e-07	6.56516376390686e-07	5.74451829341851e-07	4.51355008768597e-07	1.51819412040346e-06	1.23096820573254e-06	1.18993593220812e-06	5.74451829341851e-07	5.33419555817433e-07	1.55922639392788e-06	1.27200047925695e-06	1.10787138515928e-06	9.43742291061612e-07	9.43742291061612e-07	8.20645470488358e-07	7.7961319696394e-07	6.97548649915104e-07	6.15484102866268e-07	4.51355008768597e-07	4.51355008768597e-07	1.43612957335463e-06	1.35406502630579e-06	1.18993593220812e-06	7.38580923439522e-07	4.10322735244179e-07	4.10322735244179e-07	1.31303275278137e-06	7.38580923439522e-07	6.56516376390686e-07	5.33419555817433e-07	4.10322735244179e-07	1.30892952542893e-05	1.6002586674523e-06	9.84774564586029e-07	2.42090413794066e-06	1.1489036586837e-06	1.1489036586837e-06	6.15484102866268e-07	2.42090413794066e-06	4.92387282293015e-07	1.92851685564764e-06	1.02580683811045e-06	4.51355008768597e-07	4.30838872006388e-06	4.92387282293015e-07	1.23096820573254e-06	9.02710017537194e-07	1.55922639392788e-06	6.15484102866268e-07	2.83122687318483e-06	1.23096820573254e-06	3.07742051433134e-06	1.88748458212322e-06	6.56516376390686e-07	4.51355008768597e-07	2.99535596728251e-06	1.06683911163487e-06	5.33419555817433e-07	6.97548649915104e-07	6.15484102866268e-07	1.02580683811045e-06	5.74451829341851e-07	1.1489036586837e-06	6.15484102866268e-07	1.47716184687904e-06	8.61677744012776e-07	4.92387282293015e-07	4.51355008768597e-07	1.23096820573254e-06	1.23096820573254e-06	4.92387282293015e-07	1.23096820573254e-06	1.1489036586837e-06	6.56516376390686e-07	4.92387282293015e-07	5.33419555817433e-07	7.38580923439522e-07	6.56516376390686e-07	6.56516376390686e-07	6.15484102866268e-07	5.74451829341851e-07	5.33419555817433e-07	5.33419555817433e-07	5.33419555817433e-07	5.33419555817433e-07	5.33419555817433e-07	4.92387282293015e-07	5.74451829341851e-07	6.56516376390686e-07	6.15484102866268e-07	9.02710017537194e-07	2.79019459966042e-06	1.02580683811045e-06	1.27200047925695e-06	7.7961319696394e-07	7.38580923439522e-07	6.15484102866268e-07	5.33419555817433e-07	2.62606550556275e-06	1.76438776154997e-06	1.80542003507439e-06	1.23096820573254e-06	1.18993593220812e-06	9.02710017537194e-07	7.7961319696394e-07	1.84645230859881e-06	9.02710017537194e-07	1.80542003507439e-06	4.92387282293015e-07	4.10322735244179e-07	4.10322735244179e-07	1.18993593220812e-06	1.64129094097672e-06	1.23096820573254e-06	6.56516376390686e-07	4.51355008768597e-07	3.40567870252669e-06	7.38580923439522e-07	6.97548649915104e-07	3.8488272565904e-05	1.76438776154997e-06	6.56516376390686e-07	5.74451829341851e-07	6.56516376390686e-07	5.74451829341851e-07	6.97548649915104e-07	4.10322735244179e-07	1.64129094097672e-06	1.31303275278137e-06	1.39509729983021e-06	4.51355008768597e-07	1.96954912917206e-06	5.74451829341851e-07	5.74451829341851e-07	4.51355008768597e-07	1.68232321450113e-06	8.61677744012776e-07	5.74451829341851e-07	1.02580683811045e-06	8.20645470488358e-07	4.92387282293015e-07	2.33883959089182e-06	9.43742291061612e-07	4.92387282293015e-07	9.84774564586029e-07	6.56516376390686e-07	5.33419555817433e-07	4.10322735244179e-07	5.74451829341851e-07	2.01058140269648e-06	7.7961319696394e-07	6.97548649915104e-07	4.10322735244179e-07	4.10322735244179e-07	9.43742291061612e-07	9.02710017537194e-07	9.02710017537194e-07	7.7961319696394e-07	2.13367822326973e-06	1.55922639392788e-06	1.31303275278137e-06	9.84774564586029e-07	8.61677744012776e-07	8.20645470488358e-07	6.97548649915104e-07	4.10322735244179e-07	7.91922879021265e-06	1.68232321450113e-06	1.76438776154997e-06	1.35406502630579e-06	1.02580683811045e-06	5.74451829341851e-07	6.15484102866268e-07	6.15484102866268e-07	4.92387282293015e-07	4.10322735244179e-07	2.06392335827822e-05	1.39509729983021e-06	6.36000239628477e-06	6.97548649915104e-07	4.92387282293015e-07	5.82658284046734e-06	1.43612957335463e-06	7.7961319696394e-07	2.66709777908716e-06	2.66709777908716e-06	7.7961319696394e-07	1.43612957335463e-06	4.92387282293015e-07	2.66709777908716e-06	1.1489036586837e-06	5.74451829341851e-07	4.10322735244179e-07	8.45264834603009e-06	4.51355008768597e-07	4.92387282293015e-06	5.74451829341851e-07	3.2005173349046e-06	2.66709777908716e-06	2.13367822326973e-06	6.97548649915104e-07	4.92387282293015e-07	7.38580923439522e-07	3.13076246991309e-05	1.23096820573254e-06	2.17471049679415e-06	4.92387282293015e-07	4.10322735244179e-07	NA	NA	NA	NA	NA	NA	NA	NA	NA	NA	NA	NA	NA	NA	NA	NA	NA	NA	NA	NA	NA	NA	NA	NA	NA	NA	NA	NA	NA	NA	NA	NA	NA	NA	NA	NA	NA	NA	NA	NA	NA	NA	NA	NA	NA	NA	NA	NA	NA	NA	NA	NA	NA	NA	NA	NA	NA	NA	NA	NA	NA	NA	NA	NA	NA	NA	NA	NA	NA	NA	NA	NA	NA	NA	NA	NA	NA	NA	NA	NA	NA	NA	NA	NA	NA	NA	NA	NA	NA	NA	NA	NA	NA	NA	NA	NA	NA	NA	NA	NA	NA	NA	NA	NA	NA	NA	NA	NA	NA	NA	NA	NA	NA	NA	NA	NA	NA	NA	NA	NA	NA	NA	NA	NA	NA	NA	NA	NA	NA	NA	NA	NA	NA	NA	NA	NA	NA	NA	NA	NA	NA	NA	NA	NA	NA	NA	NA	NA	NA	NA	NA	NA	NA	NA	NA	NA	NA	NA	NA	NA	NA	NA	NA	NA	NA	NA	NA	NA	NA	NA	NA	NA	NA	NA	NA	NA	NA	NA	NA	NA	NA	NA	NA	NA	NA	NA	NA	NA	NA	NA	NA	NA	NA	NA	NA	NA	NA	NA	NA	NA	NA	NA	NA	NA	NA	NA	NA	NA	NA	NA	NA	NA	NA	NA	NA	NA	NA	NA	NA	NA	NA	NA	NA	NA	NA	NA	NA	NA	NA	NA	NA	NA	NA	NA	NA	NA	NA	NA	NA	NA	NA	NA	NA	NA	NA	NA	NA	NA	NA	NA	NA	NA	NA	NA	NA	NA	NA	NA	NA	NA	NA	NA	NA	NA	NA	NA	NA	NA	NA	NA	NA	NA	NA	NA	NA	NA	NA	NA	NA	NA	NA	NA	NA	NA	NA	NA	NA	NA	NA	NA	NA	NA	NA	NA	NA	NA	NA	NA	NA	NA	NA	NA	NA	NA	NA	NA	NA	NA	NA	NA	NA	NA	NA	NA	NA	NA	NA	NA	NA	NA	NA	NA	NA	NA	NA	NA	NA	NA	NA	NA	NA	NA	NA	NA	NA	NA	NA	NA	NA	NA	NA	NA	NA	NA	NA	NA	NA	NA	NA	NA	NA	NA	NA	NA	NA	NA	NA	NA	NA	NA	NA	NA	NA	NA	NA	NA	NA	NA	NA	NA	NA	NA	NA	NA	NA	NA	NA	NA	NA	NA	NA	NA	NA	NA	NA	NA	NA	NA	NA	NA	NA	NA	NA	NA	NA	NA	NA	NA	NA	NA	NA	NA	NA	NA	NA	NA	NA	NA	NA	NA	NA	NA	NA	NA	NA	NA	NA	NA	NA	NA	NA	NA	NA	NA	NA	NA	NA	NA	NA	NA	NA	NA	NA	NA	NA	NA	NA	NA	NA	NA	NA	NA	NA	NA	NA	NA	NA	NA	NA	NA	NA	NA	NA	NA	NA	NA	NA	NA	NA	NA	NA	NA	NA	NA	NA	NA	NA	NA	NA	NA	NA	NA	NA	NA	NA	NA	NA	NA	NA	NA	NA	NA	NA	NA	NA	NA	NA	NA	NA	NA	NA	NA	NA	NA	NA	NA	NA	NA	NA	NA	NA	NA	NA	NA	NA	NA	NA	NA	NA	NA	NA	NA	NA	NA	NA	NA	NA	NA	NA	NA	NA	NA	NA	NA	NA	NA	NA	NA	NA	NA	NA	NA	NA	NA	NA	NA	NA	NA	NA	NA	NA	NA	NA	NA	NA	NA	NA	NA	NA	NA	NA	NA	NA	NA	NA	NA	NA	NA	NA	NA	NA	NA	NA	NA	NA	NA	NA	NA	NA	NA	NA	NA	NA	NA	NA	NA	NA	NA	NA	NA	NA	NA	NA	NA	NA	NA	NA	NA	NA	NA	NA	NA	NA	NA	NA	NA	NA	NA	NA	NA	NA	NA	NA	NA	NA	NA	NA	NA	NA	NA	NA	NA	NA	NA	NA	NA	NA	NA	NA	NA	NA	NA	NA	NA	NA	NA	NA	NA	NA	NA	NA	NA	NA	NA	NA	NA	NA	NA	NA	NA	NA	NA	NA	NA	NA	NA	NA	NA	NA	NA	NA	NA	NA	NA	NA	NA	NA	NA	NA	NA	NA	NA	NA	NA	NA	NA	NA	NA	NA	NA	NA	NA	NA	NA	NA	NA	NA	NA	NA	NA	NA	NA	NA	NA	NA	NA	NA	NA	NA	NA	NA	NA	NA	NA	NA	NA	NA	NA	NA	NA	NA	NA	NA	NA	NA	NA	NA	NA	NA	NA	NA	NA	NA	NA	NA	NA	NA	NA	NA	NA	NA	NA	NA	NA	NA	NA	NA	NA	NA	NA
SLC_SMT_NEG_91J	0.000487416867074574	0.0165823041696936	0.200216894786911	NA	NA	3.87253762979129e-05	4.24835351791449e-06	0.0205465081965445	0.0568436236625448	0.00876304612175977	0.26385428931745	0.00157826333190523	0.0992760152012625	2.5163324683032e-05	0.000456698003175808	3.02286692620839e-05	NA	0.0553447718617821	0.00418332102944795	0.000145751205306912	6.6993267013267e-06	2.28757497118473e-06	1.79738033450228e-06	2.77776960786717e-06	0.0094975210857223	0.0083844524640287	0.00474459388844935	0.000661435963096841	0.000405554362748606	0.000209149711651175	8.26794953871051e-05	7.72873543835982e-05	6.12743295853051e-05	5.19606314883388e-05	0.00729082822959017	0.00617416484722757	0.00253414287343599	0.00166028923444343	0.000605553774515042	6.40520991931723e-05	2.59803157441694e-05	2.54901211074869e-05	1.92809890428427e-05	1.74836087083404e-05	1.09476802192412e-05	8.16991061137402e-06	7.02612312578166e-06	0.00242760723906368	4.65684904848319e-05	1.84639979817053e-05	0.00171943938726978	0.000122385260958383	4.47711101503296e-05	0.00158725023357774	3.43136245677709e-06	2.45097318341221e-06	9.80389273364882e-06	7.84311418691906e-06	0.000921075722326307	3.64378013267281e-05	8.3333088236015e-06	7.18952133800914e-06	0.000138561683968903	2.56535193197144e-05	1.99345818917526e-05	2.77776960786717e-06	6.37253027687173e-06	4.57514994236945e-06	2.94116782009465e-06	2.28757497118473e-06	1.6339821222748e-06	2.45097318341221e-06	4.24835351791449e-06	2.45097318341221e-06	2.12417675895724e-06	0.000577776078436371	2.27123514996198e-05	1.27450605537435e-05	8.98690167251142e-06	8.49670703582898e-06	3.43136245677709e-06	0.0136725088063466	0.00292221362747626	4.90194636682441e-05	4.39541190891922e-05	4.26469333913724e-05	3.7091394175638e-05	3.7418190600093e-05	3.03920674743113e-05	2.84312889275816e-05	1.84639979817053e-05	1.50326355249282e-05	1.35620516148809e-05	1.2581662341516e-05	1.19280694926061e-05	7.02612312578166e-06	4.41175173014197e-06	4.24835351791449e-06	3.26796424454961e-06	2.61437139563969e-06	2.45097318341221e-06	2.28757497118473e-06	2.12417675895724e-06	1.79738033450228e-06	1.79738033450228e-06	1.6339821222748e-06	0.0360394364853175	0.0113507836088064	0.00808706771777469	0.00909768566040165	0.00230718275665202	0.000248692079010225	0.000197875235007479	0.000177777254903499	0.000146241399943595	0.000134313330450989	0.000127287207325207	9.26467863329814e-05	7.79409472325081e-05	3.90521727223678e-05	3.88887745101403e-05	3.48038192044533e-05	2.41829354096671e-05	2.45097318341221e-05	1.99345818917526e-05	1.94443872550702e-05	1.84639979817053e-05	1.45424408882458e-05	1.35620516148809e-05	1.30718569781984e-05	1.17646712803786e-05	9.1502998847389e-06	6.6993267013267e-06	6.53592848909922e-06	5.55553921573433e-06	4.57514994236945e-06	3.43136245677709e-06	1.79738033450228e-06	1.6339821222748e-06	0.0163385140370502	0.0151943997550334	0.0044583202206268	0.00145816564591803	0.00132140134228363	0.000597710660328123	0.000256535193197144	0.000235620222032027	0.000136110710785491	0.000124346039505113	7.38559919268211e-05	6.33985063442624e-05	4.75488797581968e-05	4.29737298158273e-05	2.97384746254014e-05	2.58169175319419e-05	2.05881747406625e-05	1.79738033450228e-05	1.74836087083404e-05	1.78104051327954e-05	1.65032194349755e-05	1.56862283738381e-05	1.30718569781984e-05	1.29084587659709e-05	1.2581662341516e-05	1.14378748559236e-05	1.07842820070137e-05	1.04574855825587e-05	1.02940873703313e-05	9.64049452142134e-06	9.31369809696638e-06	8.00651239914654e-06	7.84311418691906e-06	7.67971597469158e-06	7.18952133800914e-06	7.02612312578166e-06	6.86272491355418e-06	6.6993267013267e-06	5.71893742796181e-06	5.55553921573433e-06	5.22874279127937e-06	5.06534457905189e-06	4.90194636682441e-06	4.57514994236945e-06	4.73854815459693e-06	4.41175173014197e-06	4.24835351791449e-06	3.92155709345953e-06	3.75815888123205e-06	3.26796424454961e-06	3.26796424454961e-06	3.26796424454961e-06	2.77776960786717e-06	1.96077854672976e-06	1.79738033450228e-06	1.79738033450228e-06	1.6339821222748e-06	0.0112239865961179	0.00811762318346122	0.00329247397638373	0.00353266934835813	0.00233920880624861	0.00137695673444098	0.00133136863322951	0.000222058170417146	0.000154247912342741	7.87579382936455e-05	6.6339674164357e-05	5.26142243372487e-05	4.54247029992395e-05	4.50979065747846e-05	4.78756761826518e-05	4.16665441180075e-05	3.51306156289083e-05	3.3006438869951e-05	2.85946871398091e-05	2.74508996542167e-05	2.54901211074869e-05	2.41829354096671e-05	2.36927407729847e-05	2.25489532873923e-05	2.20587586507099e-05	1.79738033450228e-05	1.78104051327954e-05	1.60130247982931e-05	1.61764230105206e-05	1.53594319493832e-05	1.42156444637908e-05	1.30718569781984e-05	1.29084587659709e-05	1.2581662341516e-05	1.19280694926061e-05	1.07842820070137e-05	1.04574855825587e-05	9.1502998847389e-06	8.3333088236015e-06	8.16991061137402e-06	8.16991061137402e-06	7.02612312578166e-06	6.6993267013267e-06	6.53592848909922e-06	6.04573385241677e-06	5.55553921573433e-06	5.22874279127937e-06	5.22874279127937e-06	4.90194636682441e-06	4.57514994236945e-06	4.24835351791449e-06	3.92155709345953e-06	3.75815888123205e-06	3.26796424454961e-06	3.26796424454961e-06	3.10456603232213e-06	2.94116782009465e-06	2.77776960786717e-06	2.77776960786717e-06	2.61437139563969e-06	2.45097318341221e-06	2.45097318341221e-06	2.12417675895724e-06	1.96077854672976e-06	1.79738033450228e-06	1.79738033450228e-06	1.6339821222748e-06	1.6339821222748e-06	1.6339821222748e-06	0.0114033978331436	0.000987578794702891	0.000429573899946046	0.000338887892159794	0.000150326355249282	0.000131045366206439	0.0001004899005199	8.51304685705173e-05	4.36273226647373e-05	3.16992531721312e-05	2.41829354096671e-05	9.9672909458763e-06	7.5163177624641e-06	6.6993267013267e-06	5.22874279127937e-06	4.08495530568701e-06	0.00334394441323539	0.00353936867505945	0.00116797042100203	0.000571076751735044	0.000345260422436666	0.000293463189160555	0.000141502851788998	3.7418190600093e-05	3.10456603232213e-05	2.95750764131739e-05	9.1502998847389e-06	8.66010524805646e-06	7.84311418691906e-06	4.24835351791449e-06	4.08495530568701e-06	3.10456603232213e-06	3.10456603232213e-06	2.12417675895724e-06	2.12417675895724e-06	0.000227940506057335	2.20587586507099e-05	0.000175489679932314	2.97384746254014e-05	2.36927407729847e-05	5.88233564018929e-06	4.57514994236945e-06	1.96077854672976e-06	1.79738033450228e-06	1.6339821222748e-06	0.000109640200404639	7.25488062290013e-05	2.17319622262549e-05	7.79409472325081e-05	2.18953604384824e-05	6.86272491355418e-06	3.26796424454961e-06	1.96077854672976e-06	1.71568122838854e-05	5.35946136106136e-05	2.4836528258577e-05	2.94116782009465e-06	8.48036721460623e-05	1.2581662341516e-05	5.55553921573433e-06	5.39214100350685e-06	1.96077854672976e-06	4.57514994236945e-06	1.6339821222748e-06	0.000149672762400372	6.24181170708975e-05	6.14377277975326e-05	4.90194636682441e-05	1.50326355249282e-05	1.09476802192412e-05	9.80389273364882e-06	1.06208837947862e-05	8.82350346028394e-06	7.02612312578166e-06	6.20913206464425e-06	4.90194636682441e-06	3.26796424454961e-06	1.40522462515633e-05	1.6339821222748e-06	0.00016601258362312	1.86273961939328e-05	6.86272491355418e-06	3.59476066900457e-06	3.59476066900457e-06	2.94116782009465e-06	2.45097318341221e-06	1.96077854672976e-06	1.6339821222748e-06	4.5914897635922e-05	1.92809890428427e-05	1.38888480393358e-05	2.94116782009465e-06	1.96077854672976e-06	1.6339821222748e-06	6.2581515283125e-05	2.61437139563969e-06	2.18953604384824e-05	4.24835351791449e-06	5.39214100350685e-06	4.73854815459693e-06	0.000129574782296392	8.28428935993326e-05	4.83658708193342e-05	2.09149711651175e-05	7.84311418691906e-06	7.35291955023662e-06	5.06534457905189e-06	3.92155709345953e-06	3.10456603232213e-06	2.12417675895724e-06	5.04900475782914e-05	2.20587586507099e-05	1.24182641292885e-05	4.37907208769647e-05	9.31369809696638e-06	7.18952133800914e-06	3.10456603232213e-06	1.12744766436961e-05	1.14378748559236e-05	2.94116782009465e-06	1.50326355249282e-05	1.07842820070137e-05	5.06534457905189e-06	3.26796424454961e-06	1.79738033450228e-06	4.19933405424625e-05	2.22221568629373e-05	2.77776960786717e-06	7.67971597469158e-06	2.94116782009465e-06	1.6339821222748e-06	0.000145751205306912	7.02612312578166e-06	4.57514994236945e-06	4.41175173014197e-06	0.00132973465110724	0.00146192380479927	0.000221077781143781	6.89540455599967e-05	2.46731300463495e-05	2.23855550751648e-05	7.5163177624641e-06	7.35291955023662e-06	5.55553921573433e-06	5.88233564018929e-06	2.45097318341221e-06	0.000877775196086025	0.00018676415657601	1.83005997694778e-05	3.43136245677709e-06	4.24835351791449e-06	0.00077172975635039	3.92155709345953e-05	1.87907944061602e-05	2.77776960786717e-06	2.25489532873923e-05	3.59476066900457e-06	0.000488233858135711	2.20587586507099e-05	7.67971597469158e-06	1.99345818917526e-05	3.43136245677709e-06	2.12417675895724e-06	9.64049452142134e-06	8.3333088236015e-06	8.16991061137402e-06	2.94116782009465e-06	2.12417675895724e-06	2.45097318341221e-06	0.000369116561421878	6.87906473477692e-05	2.23855550751648e-05	2.94116782009465e-06	2.77776960786717e-06	2.45097318341221e-06	2.12417675895724e-06	0.000341665661767661	6.86272491355418e-06	2.45097318341221e-06	0.000136110710785491	9.64049452142134e-06	5.3758011822841e-05	5.71893742796181e-06	0.00365113305222305	0.000182025608421413	0.000176306670993451	0.000106208837947862	0.000108496412919047	8.66010524805646e-05	4.05227566324151e-05	2.43463336218946e-05	1.60130247982931e-05	1.35620516148809e-05	0.00342335594437794	0.000526795836221397	1.94443872550702e-05	1.35620516148809e-05	1.29084587659709e-05	1.27450605537435e-05	8.82350346028394e-06	4.90194636682441e-06	4.08495530568701e-06	0.000335619927915245	0.000529410207617036	0.000203594172435441	0.000159149858709566	0.000143790426760183	6.78102580744044e-05	5.71893742796181e-05	3.03920674743113e-05	1.37254498271084e-05	1.09476802192412e-05	9.31369809696638e-06	6.53592848909922e-06	3.75815888123205e-06	1.6339821222748e-06	0.00137761032728989	1.16012730681511e-05	0.000820422423594179	0.000113888553922554	5.14704368516563e-05	4.44443137258747e-05	2.00979801039801e-05	1.58496265860656e-05	1.6666617647203e-05	1.14378748559236e-05	8.98690167251142e-06	4.73854815459693e-06	3.92155709345953e-06	2.77776960786717e-06	2.61437139563969e-06	1.96077854672976e-06	0.000504737077570687	0.000146241399943595	5.4084808247296e-05	4.01959602079602e-05	1.76470069205679e-05	1.79738033450228e-06	1.79738033450228e-06	0.000300979506923019	0.000145751205306912	0.000137744692907766	1.11110784314687e-05	4.73854815459693e-06	3.43136245677709e-06	1.6339821222748e-06	0.000202123588525393	6.35619045564899e-05	6.65030723765845e-05	2.95750764131739e-05	2.95750764131739e-05	2.77776960786717e-05	1.6666617647203e-05	1.65032194349755e-05	1.92809890428427e-05	1.12744766436961e-05	1.16012730681511e-05	8.49670703582898e-06	8.49670703582898e-06	7.84311418691906e-06	5.88233564018929e-06	5.55553921573433e-06	5.71893742796181e-06	4.24835351791449e-06	3.75815888123205e-06	2.61437139563969e-06	2.45097318341221e-06	2.61437139563969e-06	2.12417675895724e-06	1.96077854672976e-06	0.000455064021053533	1.45424408882458e-05	6.86272491355418e-06	5.88233564018929e-06	4.24835351791449e-06	1.96077854672976e-06	0.000120424482411653	0.000120261084199426	4.75488797581968e-05	4.26469333913724e-05	3.13724567476762e-05	7.67971597469158e-06	4.08495530568701e-06	6.19279224342151e-05	3.85619780856854e-05	2.32025461363022e-05	2.30391479240747e-05	2.72875014419892e-05	2.09149711651175e-05	1.2254865917061e-05	1.07842820070137e-05	8.16991061137402e-06	6.86272491355418e-06	6.6993267013267e-06	6.04573385241677e-06	6.37253027687173e-06	5.22874279127937e-06	5.06534457905189e-06	2.77776960786717e-06	3.10456603232213e-06	2.61437139563969e-06	2.77776960786717e-06	2.28757497118473e-06	2.45097318341221e-06	2.12417675895724e-06	1.79738033450228e-06	1.96077854672976e-06	0.000261600537776196	7.58167704735509e-05	1.79738033450228e-06	0.000111437580739142	2.84312889275816e-05	2.54901211074869e-05	2.53267228952595e-05	1.2254865917061e-05	1.04574855825587e-05	1.01306891581038e-05	7.18952133800914e-06	7.35291955023662e-06	5.06534457905189e-06	5.22874279127937e-06	5.06534457905189e-06	6.53592848909922e-06	6.37253027687173e-06	3.26796424454961e-06	3.10456603232213e-06	2.61437139563969e-06	2.45097318341221e-06	2.28757497118473e-06	1.6339821222748e-06	2.12417675895724e-06	1.96077854672976e-06	0.000180881820935821	7.17318151678639e-05	8.00651239914654e-06	3.59476066900457e-06	0.000135783914361036	6.47056920420822e-05	4.33005262402823e-05	1.32352551904259e-05	7.18952133800914e-06	4.24835351791449e-06	2.61437139563969e-06	2.45097318341221e-06	2.28757497118473e-06	1.79738033450228e-06	8.03919204159203e-05	6.17645242219876e-05	1.2254865917061e-05	1.07842820070137e-05	8.98690167251142e-06	6.37253027687173e-06	5.71893742796181e-06	5.22874279127937e-06	2.28757497118473e-06	2.12417675895724e-06	2.12417675895724e-06	1.79738033450228e-06	1.96077854672976e-06	0.000145751205306912	4.62416940603769e-05	1.02940873703313e-05	5.88233564018929e-06	5.39214100350685e-06	6.32351081320349e-05	2.43463336218946e-05	2.36927407729847e-05	2.18953604384824e-05	2.02613783162076e-05	1.06208837947862e-05	1.01306891581038e-05	8.98690167251142e-06	6.04573385241677e-06	1.79738033450228e-06	3.82351816612304e-05	3.07188638987663e-05	1.84639979817053e-05	1.60130247982931e-05	1.60130247982931e-05	1.51960337371557e-05	1.33986534026534e-05	7.5163177624641e-06	6.53592848909922e-06	6.04573385241677e-06	2.94116782009465e-06	2.94116782009465e-06	1.79738033450228e-06	1.6339821222748e-06	6.32351081320349e-05	6.225471885867e-05	8.66010524805646e-06	2.94116782009465e-06	1.96077854672976e-06	1.79738033450228e-06	2.79410942908991e-05	2.46731300463495e-05	1.74836087083404e-05	1.04574855825587e-05	7.84311418691906e-06	3.43136245677709e-06	2.77776960786717e-06	2.85946871398091e-05	2.12417675895724e-05	1.33986534026534e-05	4.41175173014197e-06	6.04573385241677e-06	2.94116782009465e-06	2.45097318341221e-06	2.12417675895724e-06	1.79738033450228e-06	1.6339821222748e-06	7.00978330455891e-05	1.79738033450228e-06	6.53592848909922e-05	2.12417675895724e-06	7.46729829879585e-05	4.5588101211467e-05	4.57514994236945e-06	3.43136245677709e-06	2.77776960786717e-06	2.61437139563969e-06	2.12417675895724e-06	4.01959602079602e-05	3.92155709345953e-06	2.77776960786717e-06	2.12417675895724e-06	4.90194636682441e-05	2.28757497118473e-06	2.12417675895724e-06	4.11763494813251e-05	1.47058391004732e-05	1.79738033450228e-06	1.96077854672976e-06	3.93789691468228e-05	4.46077119381021e-05	2.77776960786717e-05	4.90194636682441e-06	1.74836087083404e-05	7.84311418691906e-06	1.04574855825587e-05	3.92155709345953e-06	1.79738033450228e-06	1.32352551904259e-05	1.30718569781984e-05	3.10456603232213e-06	8.98690167251142e-06	4.08495530568701e-06	9.31369809696638e-06	5.55553921573433e-06	1.37254498271084e-05	1.24182641292885e-05	1.79738033450228e-06	1.60130247982931e-05	5.22874279127937e-06	5.06534457905189e-06	9.1502998847389e-06	4.73854815459693e-06	2.28757497118473e-06	7.02612312578166e-06	2.94116782009465e-06	2.61437139563969e-06	2.28757497118473e-06	1.96077854672976e-06	3.75815888123205e-06	3.75815888123205e-06	2.61437139563969e-06	3.26796424454961e-06	1.6339821222748e-06	2.28757497118473e-06	2.28757497118473e-06	2.12417675895724e-06	1.79738033450228e-06	2.12417675895724e-06	1.96077854672976e-06	1.6339821222748e-06	1.79738033450228e-06	4.9999852941609e-05	2.12417675895724e-06	8.00651239914654e-06	0.000692808419844517	0.000292646198099417	0.000259803157441694	0.000238071195215439	0.000243626734431173	9.03592113617966e-05	5.06534457905189e-05	5.65357814307082e-05	4.80390743948792e-05	1.71568122838854e-05	1.16012730681511e-05	1.04574855825587e-05	8.82350346028394e-06	8.66010524805646e-06	7.67971597469158e-06	6.20913206464425e-06	6.37253027687173e-06	5.55553921573433e-06	5.55553921573433e-06	5.22874279127937e-06	4.57514994236945e-06	4.24835351791449e-06	3.59476066900457e-06	4.24835351791449e-06	3.43136245677709e-06	3.43136245677709e-06	2.61437139563969e-06	2.12417675895724e-06	1.6339821222748e-06	1.6339821222748e-06	9.06860077862516e-05	0.000108496412919047	9.67317416386684e-05	0.000104901652250042	7.00978330455891e-05	4.37907208769647e-05	5.32678171861586e-05	3.64378013267281e-05	3.28430406577236e-05	3.92155709345953e-05	3.79083852367754e-05	3.13724567476762e-05	2.23855550751648e-05	2.27123514996198e-05	1.42156444637908e-05	1.20914677048335e-05	1.16012730681511e-05	1.19280694926061e-05	1.17646712803786e-05	1.17646712803786e-05	8.49670703582898e-06	7.84311418691906e-06	7.18952133800914e-06	7.84311418691906e-06	6.20913206464425e-06	5.39214100350685e-06	4.57514994236945e-06	4.73854815459693e-06	4.08495530568701e-06	3.75815888123205e-06	3.75815888123205e-06	3.59476066900457e-06	3.10456603232213e-06	1.79738033450228e-06	0.000186273961939328	8.61108578438822e-05	8.7744839966157e-05	7.09148241067265e-05	5.88233564018929e-05	5.24508261250212e-05	3.41502263555434e-05	3.05554656865388e-05	2.72875014419892e-05	3.02286692620839e-05	1.94443872550702e-05	1.84639979817053e-05	1.53594319493832e-05	1.73202104961129e-05	1.56862283738381e-05	1.60130247982931e-05	1.29084587659709e-05	1.55228301616106e-05	1.30718569781984e-05	1.2254865917061e-05	1.12744766436961e-05	8.49670703582898e-06	6.86272491355418e-06	5.88233564018929e-06	4.90194636682441e-06	5.22874279127937e-06	4.41175173014197e-06	3.92155709345953e-06	3.75815888123205e-06	3.26796424454961e-06	4.41175173014197e-06	2.77776960786717e-06	2.94116782009465e-06	2.61437139563969e-06	1.96077854672976e-06	2.45097318341221e-06	0.000216666029413639	9.9672909458763e-05	6.37253027687173e-05	6.55226831032196e-05	3.26796424454961e-05	3.49672174166808e-05	3.25162442332686e-05	2.28757497118473e-05	1.61764230105206e-05	1.20914677048335e-05	6.86272491355418e-06	4.90194636682441e-06	4.57514994236945e-06	5.06534457905189e-06	2.94116782009465e-06	2.94116782009465e-06	2.61437139563969e-06	2.94116782009465e-06	2.45097318341221e-06	2.28757497118473e-06	1.79738033450228e-06	0.00016797336216985	5.52285957328884e-05	2.94116782009465e-06	6.73200634377219e-05	2.43463336218946e-05	1.74836087083404e-05	1.50326355249282e-05	2.28757497118473e-06	2.12417675895724e-06	2.12417675895724e-06	1.6339821222748e-06	0.000120424482411653	4.47711101503296e-05	1.47058391004732e-05	3.07188638987663e-05	9.80389273364882e-06	3.59476066900457e-06	2.94116782009465e-06	9.9672909458763e-06	7.02612312578166e-06	4.57514994236945e-06	3.59476066900457e-06	2.61437139563969e-06	2.45097318341221e-06	0.000684965305657598	0.000427286324974861	0.000283659296426906	0.00026977044838757	0.000191175908306152	0.00021078369377345	0.000116502925318194	4.65684904848319e-05	4.37907208769647e-05	2.0424776528435e-05	1.78104051327954e-05	6.04573385241677e-06	5.71893742796181e-06	5.71893742796181e-06	4.08495530568701e-06	4.24835351791449e-06	3.59476066900457e-06	3.75815888123205e-06	2.45097318341221e-06	2.28757497118473e-06	1.79738033450228e-06	2.74508996542167e-05	9.9672909458763e-06	4.08495530568701e-06	7.84311418691906e-06	4.24835351791449e-06	0.000578102874860826	5.22874279127937e-06	2.12417675895724e-06	0.000194443872550702	3.26796424454961e-05	2.58169175319419e-05	1.73202104961129e-05	4.57514994236945e-06	4.28103316035999e-05	2.33659443485297e-05	7.02612312578166e-06	2.1078369377345e-05	1.79738033450228e-06	1.6339821222748e-06	2.56535193197144e-05	2.38561389852121e-05	8.98690167251142e-06	2.45097318341221e-06	1.79738033450228e-06	1.94443872550702e-05	1.07842820070137e-05	7.84311418691906e-06	7.02612312578166e-06	3.10456603232213e-06	0.000157842673011746	3.69279959634106e-05	0.000126960410900752	1.91175908306152e-05	6.86272491355418e-06	2.94116782009465e-06	5.91501528263479e-05	2.12417675895724e-06	0.000237090805942074	0.000103431068339995	9.64049452142134e-06	4.41175173014197e-06	3.59476066900457e-06	3.26796424454961e-06	1.96077854672976e-06	8.57840614194272e-05	4.21567387546899e-05	1.43790426760183e-05	4.24835351791449e-06	4.57514994236945e-06	2.77776960786717e-06	1.6339821222748e-06	1.76470069205679e-05	1.2254865917061e-05	2.81044925031266e-05	6.6993267013267e-06	1.96077854672976e-06	1.79738033450228e-06	7.84311418691906e-06	3.75815888123205e-06	3.10456603232213e-06	7.40193901390486e-05	3.43136245677709e-06	2.18953604384824e-05	6.37253027687173e-06	1.27450605537435e-05	1.79738033450228e-06	8.16991061137402e-06	8.82350346028394e-06	3.26796424454961e-06	2.94116782009465e-06	2.12417675895724e-06	5.62089850062532e-05	1.55228301616106e-05	0.000469116267305096	0.000313070974627852	2.28757497118473e-06	2.94116782009465e-06	7.74507525958257e-05	2.12417675895724e-06	7.5163177624641e-06	5.39214100350685e-06	3.43136245677709e-06	4.41175173014197e-06	2.45097318341221e-06	3.59476066900457e-06	0.000112744766436961	5.98037456752578e-05	9.37905738185737e-05	2.28757497118473e-05	1.56862283738381e-05	1.55228301616106e-05	1.87907944061602e-05	1.27450605537435e-05	1.16012730681511e-05	5.22874279127937e-06	3.59476066900457e-06	2.94116782009465e-06	4.29737298158273e-05	1.6339821222748e-06	3.43136245677709e-06	2.87580853520365e-05	6.86272491355418e-06	4.73854815459693e-06	3.75815888123205e-06	1.79738033450228e-06	3.92155709345953e-06	1.79738033450228e-06	1.96077854672976e-06	NA	NA	NA	NA	NA	NA	NA	NA	NA	NA	NA	NA	NA	NA	NA	NA	NA	NA	NA	NA	NA	NA	NA	NA	NA	NA	NA	NA	NA	NA	NA	NA	NA	NA	NA	NA	NA	NA	NA	NA	NA	NA	NA	NA	NA	NA	NA	NA	NA	NA	NA	NA	NA	NA	NA	NA	NA	NA	NA	NA	NA	NA	NA	NA	NA	NA	NA	NA	NA	NA	NA	NA	NA	NA	NA	NA	NA	NA	NA	NA	NA	NA	NA	NA	NA	NA	NA	NA	NA	NA	NA	NA	NA	NA	NA	NA	NA	NA	NA	NA	NA	NA	NA	NA	NA	NA	NA	NA	NA	NA	NA	NA	NA	NA	NA	NA	NA	NA	NA	NA	NA	NA	NA	NA	NA	NA	NA	NA	NA	NA	NA	NA	NA	NA	NA	NA	NA	NA	NA	NA	NA	NA	NA	NA	NA	NA	NA	NA	NA	NA	NA	NA	NA	NA	NA	NA	NA	NA	NA	NA	NA	NA	NA	NA	NA	NA	NA	NA	NA	NA	NA	NA	NA	NA	NA	NA	NA	NA	NA	NA	NA	NA	NA	NA	NA	NA	NA	NA	NA	NA	NA	NA	NA	NA	NA	NA	NA	NA	NA	NA	NA	NA	NA	NA	NA	NA	NA	NA	NA	NA	NA	NA	NA	NA	NA	NA	NA	NA	NA	NA	NA	NA	NA	NA	NA	NA	NA	NA	NA	NA	NA	NA	NA	NA	NA	NA	NA	NA	NA	NA	NA	NA	NA	NA	NA	NA	NA	NA	NA	NA	NA	NA	NA	NA	NA	NA	NA	NA	NA	NA	NA	NA	NA	NA	NA	NA	NA	NA	NA	NA	NA	NA	NA	NA	NA	NA	NA	NA	NA	NA	NA	NA	NA	NA	NA	NA	NA	NA	NA	NA	NA	NA	NA	NA	NA	NA	NA	NA	NA	NA	NA	NA	NA	NA	NA	NA	NA	NA	NA	NA	NA	NA	NA	NA	NA	NA	NA	NA	NA	NA	NA	NA	NA	NA	NA	NA	NA	NA	NA	NA	NA	NA	NA	NA	NA	NA	NA	NA	NA	NA	NA	NA	NA	NA	NA	NA	NA	NA	NA	NA	NA	NA	NA	NA	NA	NA	NA	NA	NA	NA	NA	NA	NA	NA	NA	NA	NA	NA	NA	NA	NA	NA	NA	NA	NA	NA	NA	NA	NA	NA	NA	NA	NA	NA	NA	NA	NA	NA	NA	NA	NA	NA	NA	NA	NA	NA	NA	NA	NA	NA	NA	NA	NA	NA	NA	NA	NA	NA	NA	NA	NA	NA	NA	NA	NA	NA	NA	NA	NA	NA	NA	NA	NA	NA	NA	NA	NA	NA	NA	NA	NA	NA	NA	NA	NA	NA	NA	NA	NA	NA	NA	NA	NA	NA	NA	NA	NA	NA	NA	NA	NA	NA	NA	NA	NA	NA	NA	NA	NA	NA	NA	NA	NA	NA	NA	NA	NA	NA	NA	NA	NA	NA	NA	NA	NA	NA	NA	NA	NA	NA	NA	NA	NA	NA	NA	NA	NA	NA	NA	NA	NA	NA	NA	NA	NA	NA	NA	NA	NA	NA	NA	NA	NA	NA	NA	NA	NA	NA	NA	NA	NA	NA	NA	NA	NA	NA	NA	NA	NA	NA	NA	NA	NA	NA	NA	NA	NA	NA	NA	NA	NA	NA	NA	NA	NA	NA	NA	NA	NA	NA	NA	NA	NA	NA	NA	NA	NA	NA	NA	NA	NA	NA	NA	NA	NA	NA	NA	NA	NA	NA	NA	NA	NA	NA	NA	NA	NA	NA	NA	NA	NA	NA	NA	NA	NA	NA	NA	NA	NA	NA	NA	NA	NA	NA	NA	NA	NA	NA	NA	NA	NA	NA	NA	NA	NA	NA	NA	NA	NA	NA	NA	NA	NA	NA	NA	NA	NA	NA	NA	NA	NA	NA	NA	NA	NA	NA	NA	NA	NA	NA	NA	NA	NA	NA	NA	NA	NA	NA	NA	NA	NA	NA	NA	NA	NA	NA	NA	NA	NA	NA	NA	NA	NA	NA	NA	NA	NA	NA	NA	NA	NA	NA	NA	NA	NA	NA	NA	NA	NA	NA	NA	NA	NA	NA	NA	NA	NA	NA	NA	NA	NA	NA	NA	NA	NA	NA	NA	NA	NA	NA	NA	NA	NA	NA	NA	NA	NA	NA	NA	NA	NA	NA	NA	NA	NA	NA	NA	NA	NA	NA	NA	NA	NA	NA	NA	NA	NA	NA	NA	NA	NA	NA	NA	NA	NA	NA	NA	NA	NA	NA	NA	NA	NA	NA	NA	NA	NA	NA	NA	NA	NA	NA	NA	NA	NA	NA	NA	NA	NA	NA	NA	NA	NA	NA	NA	NA	NA	NA	NA	NA	NA	NA	NA	NA	NA	NA	NA	NA	NA	NA	NA	NA	NA	NA	NA	NA	NA	NA	NA	NA	NA	NA	NA	NA	NA	NA	NA	NA	NA	NA	NA	NA	NA	NA	NA	NA	NA	NA	NA	NA	NA	NA	NA	NA	NA	NA	NA	NA	NA	NA	NA	NA	NA	NA	NA	NA	NA	NA	NA	NA	NA	NA	NA	NA	NA	NA	NA	NA	NA	NA	NA	NA	NA	NA	NA	NA	NA	NA	NA	NA	NA	NA	NA	NA	NA	NA	NA	NA	NA	NA	NA	NA	NA	NA	NA	NA	NA	NA	NA	NA	NA	NA	NA	NA	NA	NA	NA	NA	NA	NA	NA	NA	NA	NA	NA	NA	NA	NA	NA	NA	NA	NA	NA	NA	NA	NA	NA	NA	NA	NA	NA	NA	NA	NA	NA	NA	NA	NA	NA	NA	NA	NA	NA	NA	NA	NA	NA	NA	NA	NA	NA	NA	NA	NA	NA	NA	NA	NA	NA	NA	NA	NA	NA	NA	NA	NA	NA	NA	NA	NA	NA	NA	NA	NA	NA	NA	NA	NA	NA	NA	NA	NA	NA	NA	NA	NA	NA	NA	NA	NA	NA	NA	NA	NA	NA	NA	NA	NA	NA	NA	NA	NA	NA	NA	NA	NA	NA	NA	NA	NA	NA	NA	NA	NA	NA	NA	NA	NA	NA	NA	NA	NA	NA	NA	NA	NA	NA	NA	NA	NA	NA	NA	NA	NA	NA	NA	NA	NA	NA	NA	NA	NA	NA	NA	NA	NA	NA	NA	NA	NA	NA	NA	NA	NA	NA	NA	NA	NA	NA	NA	NA	NA	NA	NA	NA	NA	NA	NA	NA	NA	NA	NA	NA	NA	NA	NA	NA	NA	NA	NA	NA	NA	NA	NA	NA	NA	NA	NA	NA	NA	NA	NA	NA	NA	NA	NA	NA	NA	NA	NA	NA	NA	NA	NA	NA	NA	NA	NA	NA	NA	NA	NA	NA	NA	NA	NA	NA	NA	NA	NA	NA	NA	NA	NA	NA	NA	NA	NA	NA	NA	NA	NA	NA	NA	NA	NA	NA	NA	NA	NA	NA	NA	NA	NA	NA	NA	NA	NA	NA	NA	NA	NA	NA	NA	NA	NA	NA	NA	NA	NA	NA	NA	NA	NA	NA	NA	NA	NA	NA	NA	NA	NA	NA	NA	NA	NA	NA	NA	NA	NA	NA	NA	NA	NA	NA	NA	NA	NA	NA	NA	NA	NA	NA	NA	NA	NA	NA	NA	NA	NA	NA	NA	NA	NA	NA	NA	NA	NA	NA	NA
SLC_SMT_NEG_141J	0.00548131737344027	0.182445991748833	0.174150446081875	NA	NA	0.000519751504768258	1.36873687065479e-06	2.96384176222556e-05	6.94897180486276e-06	0.0240159097762347	0.169498741183229	5.36966003103032e-06	2.71641625099181e-05	4.69055596828237e-05	3.06912921381439e-05	0.00027353679922778	NA	0.0395742891412419	0.179555008903107	0.000100549516267332	6.79104062747952e-06	1.66880610768295e-05	2.15839275757101e-06	3.73770453140346e-06	7.05952362903104e-05	0.00394527874221083	0.00315909734119704	0.00345958772803156	0.000226420664641778	4.95903896983388e-05	3.77455513945955e-05	0.000178988667701011	3.45342841211362e-05	3.93775068942223e-05	5.83292481802117e-05	1.04234577072941e-05	0.00537650371538359	4.34837175061867e-05	0.000647096677464948	4.58000414411409e-06	2.73747374130957e-06	6.0013847405633e-06	7.58069651439574e-06	1.03708139814997e-05	2.21103648336542e-06	3.00069237028165e-06	3.21126727345931e-06	0.00030680763392985	1.27397816422484e-05	1.574047401253e-05	0.000937532112672735	5.34860254071255e-05	1.93728910923447e-05	0.000351870663209869	1.26344941906596e-06	5.79080983738564e-07	7.00161553065718e-06	4.68529159570292e-06	7.7017770837229e-05	2.49531260265527e-05	3.26391099925372e-06	2.26368020915984e-06	1.04234577072941e-05	2.73747374130957e-06	NA	1.4213805964492e-06	2.63218628972074e-06	4.68529159570292e-06	4.05356688616995e-06	4.00092316037553e-06	NA	1.68459922542128e-06	2.1057490317766e-06	1.4213805964492e-06	1.00023079009388e-06	NA	NA	NA	NA	NA	NA	2.01625469792609e-05	0.000157352096399506	2.26368020915984e-05	2.63218628972074e-06	3.32181909762758e-05	4.79057904729175e-06	1.14763322231824e-05	3.94827943458112e-06	9.37058319140585e-06	5.94874101476888e-06	5.79080983738564e-06	1.23186318358931e-05	2.55322070102912e-05	1.66354173510351e-05	7.05425925645159e-06	1.94781785439335e-06	NA	2.89540491869282e-06	1.4213805964492e-06	NA	NA	9.47587064299468e-07	1.73724295121569e-06	6.31724709532979e-07	7.37012161121808e-07	3.34287658794535e-05	3.32708347020702e-05	0.00214765343750895	0.00040756772510036	0.0052699528143757	7.40697221927417e-05	9.06524958179824e-05	9.99177915577994e-05	0.000123923330520053	6.07508595667548e-05	0.000114394816151264	0.000215786632031307	1.80567979474843e-05	0.0067224458527694	2.21103648336543e-05	1.50034618514082e-05	2.00572595276721e-05	1.15289759489769e-05	3.05333609607606e-06	5.36966003103032e-06	1.85832352054285e-05	1.64774861736519e-05	6.21195964374096e-06	4.26414178934761e-06	1.89517412859894e-06	2.42161138654308e-06	1.84253040280452e-06	4.89586649888058e-06	1.00023079009388e-06	2.4742551123375e-06	5.79080983738564e-07	1.4213805964492e-06	8.94943338505053e-07	0.00285676442395972	0.00370195944158905	2.05310530598218e-06	0.000333182140552852	6.7383969016851e-06	0.000176935562395028	0.000594452951670533	6.56993697914298e-05	6.15931591794654e-06	0.000100812734896304	2.57954256392633e-05	2.21103648336542e-06	1.94255348181391e-05	1.26344941906596e-05	1.94781785439335e-06	6.52782199850744e-06	8.4756398529008e-06	2.43740450428141e-05	5.63287866000239e-06	1.57931177383245e-06	1.34767938033702e-05	9.63380182037792e-06	1.53719679319691e-05	5.42230375682473e-06	2.68483001551516e-06	1.17921945779489e-05	1.00023079009388e-06	1.32662189001925e-05	3.68506080560904e-06	2.73747374130957e-06	3.63241707981463e-06	2.1057490317766e-06	2.79011746710399e-06	2.8427611928984e-06	1.68459922542128e-06	2.79011746710399e-06	4.21149806355319e-06	1.08446075136495e-05	3.42184217663697e-06	1.4213805964492e-06	7.05425925645159e-06	NA	4.42207296673085e-06	2.21103648336542e-06	1.94781785439335e-06	9.37058319140585e-06	1.52666804803803e-06	3.68506080560904e-06	2.68483001551516e-06	1.00023079009388e-06	NA	8.42299612710638e-07	4.89586649888058e-06	2.79011746710399e-06	NA	NA	NA	0.000206363405114106	0.00116463714574984	0.000961116501828633	0.00419502057737954	0.00191038816535352	5.98032725024553e-05	0.00197045465648495	0.00016419578075278	5.53811995357245e-05	4.61159037959074e-05	0.000791445773593233	6.52782199850744e-06	2.96384176222556e-05	7.63334024019016e-06	3.17968103798266e-05	9.58115809458351e-06	4.05883125874939e-05	1.41085185129032e-05	7.58069651439574e-06	1.08446075136495e-05	1.47928869482306e-05	7.31747788542367e-06	2.52689883813191e-06	8.8441459334617e-06	1.1423688497388e-05	1.90570287375782e-05	1.04761014330886e-05	6.42253454691862e-06	3.14283042992657e-05	6.26460336953537e-06	6.94897180486276e-06	7.31747788542367e-06	6.89632807906835e-06	1.58984051899133e-05	1.64248424478574e-05	1.01075953525277e-05	4.948510224675e-06	6.21195964374096e-06	2.94804864448723e-06	2.35843891558979e-05	3.47448590243138e-06	3.31655472504814e-06	8.79150220766729e-06	7.4227653370125e-06	3.79034825719787e-06	1.52666804803803e-06	6.0013847405633e-06	1.04234577072941e-05	7.84391514336782e-06	1.15816196747713e-06	8.42299612710638e-07	7.63334024019016e-06	1.52666804803803e-06	NA	2.00046158018777e-06	1.00023079009388e-06	1.84253040280452e-06	1.73724295121569e-06	2.15839275757101e-06	2.89540491869282e-06	8.94943338505053e-07	NA	4.05356688616995e-06	1.31609314486037e-06	2.00046158018777e-06	8.68621475607845e-06	NA	1.31609314486037e-06	NA	0.0434553951817093	0.000894627476150286	0.000278011515920305	0.00071032179214404	0.000339762606277154	0.00031086120081602	7.48067343538635e-05	1.24765630132763e-05	7.58069651439574e-06	2.64797940745907e-05	6.81209811779729e-05	4.21149806355319e-06	1.21080569327154e-05	1.46875994966418e-05	4.31678551514202e-06	4.10621061196436e-06	0.0236424025417233	0.000229526644463649	1.31609314486037e-06	0.000650150013561024	0.000243687806702346	4.90113087146003e-05	0.000106024463749952	2.01625469792609e-05	1.73724295121569e-06	3.15862354766489e-05	6.7383969016851e-06	1.17921945779489e-05	2.79011746710399e-06	5.42230375682473e-06	8.42299612710638e-07	3.68506080560904e-06	4.15885433775878e-06	2.52689883813191e-06	NA	0.000279011746710399	2.23209397368319e-05	0.000527490132460037	3.87984259104838e-05	3.10597982187048e-06	1.31609314486037e-06	5.36966003103032e-06	3.21126727345931e-06	5.26437257944149e-07	NA	9.23897387691981e-05	2.969106134805e-05	5.79080983738564e-06	2.57954256392633e-06	4.10621061196436e-06	4.31678551514202e-06	1.10551824168271e-06	1.47402432224362e-06	6.58046572430186e-06	4.01671627811386e-05	NA	5.21172885364707e-06	3.81140574751564e-05	7.84391514336782e-06	4.15885433775878e-06	4.52736041831968e-06	1.31609314486037e-06	NA	2.73747374130957e-06	9.11789330759266e-05	5.45388999230138e-05	9.07577832695713e-05	0.000683684066892066	1.14763322231824e-05	4.49050981026359e-05	3.68506080560904e-06	6.15931591794654e-06	1.1160469868416e-05	NA	2.18997899304766e-05	1.13710447715936e-05	1.1423688497388e-05	0.000855355256707653	1.65827736252407e-05	0.000115658265570329	1.47928869482306e-05	5.15908512785266e-06	1.38452998839311e-05	4.10621061196436e-06	1.94781785439335e-06	3.68506080560904e-06	NA	9.2126520140226e-06	7.4227653370125e-05	8.42299612710638e-06	1.67933485284183e-05	3.10597982187048e-06	2.94804864448723e-06	2.94804864448723e-06	2.71641625099181e-05	9.47587064299468e-07	2.81117495742175e-05	3.31655472504814e-06	4.84322277308617e-06	1.73724295121569e-06	1.0528745158883e-06	3.94827943458112e-06	0.000169828659412782	NA	NA	1.26344941906596e-06	NA	1.36873687065479e-06	9.73908927196675e-06	1.0528745158883e-06	1.38979436097255e-05	2.15839275757101e-06	4.42207296673085e-06	0.00266398310010057	2.26368020915984e-05	0.000246056774363095	3.73770453140346e-06	1.78462230443066e-05	NA	6.84368435327393e-07	3.42184217663697e-06	8.42299612710638e-07	3.73770453140346e-06	8.94943338505053e-07	3.68506080560904e-06	2.55322070102912e-05	9.58115809458351e-06	NA	8.00184632075106e-06	2.00046158018777e-06	8.94943338505053e-07	NA	1.78988667701011e-06	2.15839275757101e-06	NA	NA	5.44862561972194e-05	6.3698908211242e-06	2.73747374130957e-06	5.21172885364707e-06	1.21080569327154e-06	5.26437257944149e-07	6.31724709532979e-07	9.47587064299468e-07	NA	2.76905997678622e-05	0.000241897920025336	4.70108471344125e-05	4.89586649888058e-06	1.31609314486037e-06	NA	0.000860988135367655	3.84825635557173e-05	1.62142675446798e-05	2.4742551123375e-06	5.63287866000239e-06	3.8956357087867e-05	NA	2.25315146400096e-05	3.57977335402021e-06	NA	3.05333609607606e-06	2.54269195587024e-05	NA	NA	1.95308222697279e-05	NA	4.63264786990851e-06	NA	0.000355239861660712	6.83315560811505e-05	1.72144983347737e-05	1.15816196747713e-06	1.21080569327154e-06	1.00023079009388e-06	1.57931177383245e-06	0.00081692533687773	6.10667219215213e-06	3.63241707981463e-06	0.000111920561038926	1.22659881100987e-05	3.56398023628189e-05	4.63264786990851e-06	4.26414178934761e-06	1.00023079009388e-05	1.16869071263601e-05	3.31655472504814e-06	3.00069237028165e-06	4.89060212630114e-05	6.79104062747952e-06	2.68483001551516e-06	1.15816196747713e-06	2.73747374130957e-06	3.23758913635652e-05	0.0127197770264465	0.000358345841482582	6.94897180486276e-06	3.79034825719787e-06	1.72144983347737e-05	1.43190934160808e-05	4.49050981026359e-05	6.42253454691862e-06	8.42299612710638e-07	3.15862354766489e-05	8.94943338505053e-07	4.63264786990851e-06	2.22156522852431e-05	4.19044057323542e-05	1.46349557708473e-05	2.11627777693548e-05	2.40055389622532e-05	1.47402432224362e-06	5.73816611159122e-06	1.36873687065479e-06	NA	NA	9.47587064299468e-07	1.68459922542128e-06	2.56901381876745e-05	6.4962357630308e-05	5.79080983738564e-07	9.00207711084494e-06	NA	1.84253040280452e-06	4.63264786990851e-06	1.41611622386976e-05	1.89517412859894e-06	NA	NA	NA	5.26437257944149e-07	NA	8.94943338505053e-07	9.83911235097614e-05	2.1057490317766e-06	9.47587064299468e-07	1.36873687065479e-06	NA	NA	NA	6.31724709532979e-07	5.65393615032016e-05	NA	NA	NA	NA	0.00050785402273872	NA	2.05836967856162e-05	8.8441459334617e-06	2.0688984237205e-05	2.33738142527202e-05	NA	1.36873687065479e-06	2.67956564293572e-05	2.05310530598218e-06	NA	NA	2.8427611928984e-06	4.10621061196436e-06	3.21126727345931e-06	1.07393200620606e-05	8.21242122392872e-06	5.26437257944149e-07	2.15839275757101e-06	6.26460336953537e-06	2.89540491869282e-06	1.78988667701011e-06	7.37012161121808e-07	9.47587064299468e-07	1.93202473665503e-05	NA	7.26483415962925e-06	1.87938101086061e-05	1.33715063517814e-05	NA	NA	5.79080983738564e-07	8.94943338505053e-07	5.26437257944149e-07	2.42161138654308e-06	NA	1.0528745158883e-06	1.01075953525277e-05	4.64844098764683e-05	NA	NA	NA	NA	NA	NA	1.84253040280452e-06	5.26437257944149e-07	NA	8.42299612710638e-07	NA	1.98993283502888e-05	NA	NA	NA	NA	NA	NA	NA	NA	2.57954256392633e-06	NA	0.000215418125950746	1.84779477538396e-05	2.57954256392633e-06	1.31609314486037e-06	5.20120010848819e-05	NA	2.41634701396364e-05	1.89517412859894e-06	5.58023493420798e-06	NA	NA	6.84368435327393e-07	NA	1.63195549962686e-06	1.50561055772027e-05	4.73793532149734e-06	NA	NA	NA	NA	NA	2.00046158018777e-06	5.79080983738564e-07	NA	NA	NA	NA	1.78988667701011e-06	NA	NA	9.73908927196675e-06	5.42230375682473e-06	3.11124419444992e-05	1.89517412859894e-06	1.90043850117838e-05	1.73724295121569e-06	5.79080983738564e-07	NA	8.42299612710638e-07	NA	2.1057490317766e-06	NA	6.84368435327393e-07	1.21080569327154e-06	1.57931177383245e-06	NA	NA	NA	NA	NA	6.31724709532979e-07	NA	2.07416279629995e-05	4.05356688616995e-06	1.47402432224362e-06	2.68483001551516e-06	2.26368020915984e-06	7.89655886916223e-06	5.79080983738564e-07	NA	1.00549516267332e-05	8.73885848187287e-06	1.1160469868416e-05	1.68459922542128e-06	6.31724709532979e-07	NA	NA	1.17921945779489e-05	1.94781785439335e-05	NA	NA	NA	NA	2.36896766074867e-06	NA	1.31609314486037e-06	NA	NA	1.31609314486037e-06	NA	NA	2.26368020915984e-06	1.574047401253e-05	NA	NA	1.10551824168271e-06	NA	NA	2.15839275757101e-06	2.27947332689816e-05	9.63380182037792e-06	4.10621061196436e-06	NA	NA	NA	1.25818504648652e-05	NA	1.10551824168271e-06	2.26368020915984e-06	NA	NA	1.31609314486037e-06	NA	NA	NA	NA	NA	NA	7.89655886916223e-07	4.65896973280572e-05	1.15816196747713e-06	6.84368435327393e-07	1.31609314486037e-06	NA	NA	8.94943338505053e-07	NA	7.31747788542367e-06	NA	2.71641625099181e-05	4.21149806355319e-06	NA	NA	NA	NA	NA	NA	8.58092730448963e-06	1.10551824168271e-06	NA	NA	NA	7.37012161121808e-07	NA	NA	NA	3.3112903524687e-05	2.68483001551516e-06	NA	NA	1.84253040280452e-06	1.07393200620606e-05	NA	4.96956771499276e-05	1.21080569327154e-06	1.66880610768295e-05	8.58092730448963e-06	2.05310530598218e-06	2.42161138654308e-06	NA	1.15816196747713e-06	2.05310530598218e-06	0.0493895538844331	1.00023079009388e-06	NA	NA	1.84779477538396e-05	NA	2.42161138654308e-06	NA	NA	NA	1.36873687065479e-06	NA	NA	8.73885848187287e-06	NA	1.89517412859894e-05	2.15839275757101e-06	1.4213805964492e-06	8.63357103028404e-06	NA	1.31609314486037e-06	1.21080569327154e-06	1.68459922542128e-06	0.00034186835530893	2.26368020915984e-05	2.68483001551516e-06	3.95354380716056e-05	3.15862354766489e-06	1.0528745158883e-06	NA	2.31632393495425e-06	2.57954256392633e-06	NA	1.0528745158883e-06	1.89517412859894e-06	7.89655886916223e-07	9.05472083663936e-05	1.78988667701011e-06	1.0528745158883e-06	2.05310530598218e-06	NA	2.1057490317766e-06	NA	2.31632393495425e-06	7.37012161121808e-07	NA	NA	NA	NA	NA	2.17945024788878e-05	2.26368020915984e-06	4.43786608446917e-05	5.3170163052359e-06	2.68483001551516e-06	0.000146033695353707	4.68529159570292e-06	3.05333609607606e-06	7.89655886916223e-07	0.000115658265570329	1.50034618514082e-05	9.63380182037792e-06	1.47402432224362e-06	1.47402432224362e-06	3.36919845084255e-06	3.05333609607606e-06	7.89655886916223e-07	2.3479101704309e-05	2.21103648336542e-06	5.3170163052359e-06	NA	NA	4.47471669252527e-06	1.63195549962686e-06	2.26368020915984e-06	2.21103648336542e-06	NA	1.0528745158883e-06	NA	1.68459922542128e-06	1.15816196747713e-06	8.42299612710638e-07	1.4213805964492e-06	7.37012161121808e-07	1.36873687065479e-06	NA	7.15954670804042e-06	NA	0.000482058597099457	3.94827943458112e-06	NA	1.21080569327154e-06	NA	4.36942924093643e-06	NA	7.89655886916223e-07	NA	2.05310530598218e-06	2.00046158018777e-06	NA	5.21172885364707e-06	4.73793532149734e-06	4.10621061196436e-06	1.68459922542128e-06	NA	4.26414178934761e-06	2.57954256392633e-06	7.89655886916223e-07	NA	NA	NA	NA	NA	5.26437257944149e-07	NA	6.0013847405633e-06	NA	NA	NA	6.84368435327393e-07	NA	NA	1.4213805964492e-06	1.52666804803803e-06	NA	NA	NA	2.21103648336542e-06	NA	NA	1.36873687065479e-06	8.94943338505053e-07	7.89655886916223e-07	1.21080569327154e-06	NA	NA	5.26437257944149e-07	1.78988667701011e-06	NA	NA	NA	NA	NA	NA	1.31609314486037e-06	4.05356688616995e-06	NA	9.00207711084494e-05	NA	9.73908927196675e-06	1.09498949652383e-05	NA	0.000124239192874819	6.12772968246989e-05	7.89655886916223e-07	NA	7.37012161121808e-07	6.31724709532979e-07	NA	1.26344941906596e-06	6.73313252910566e-05	NA	NA	8.42299612710638e-06	7.89655886916223e-07	NA	0.000115763553021918	6.31724709532979e-07	2.96384176222556e-05	1.15816196747713e-06	1.89517412859894e-06	NA	NA	NA	NA	2.89540491869282e-06	8.94943338505053e-07	NA	NA	NA	1.47402432224362e-06	7.37012161121808e-07	NA	NA	NA	NA	1.78988667701011e-06	1.31609314486037e-06	NA	5.84345356318005e-06	4.42207296673085e-06	NA	NA	NA	0.000250373559878237	NA	9.37058319140585e-06	8.58092730448963e-06	NA	NA	3.10597982187048e-06	3.16915229282378e-05	2.21103648336542e-06	5.79080983738564e-07	NA	0.000161353019559882	8.42299612710638e-06	4.948510224675e-06	3.15862354766489e-06	NA	2.87434742837505e-05	NA	NA	NA	1.04761014330886e-05	6.3067183501709e-05	NA	4.14306122002045e-05	NA	3.26917537183316e-05	NA	1.78988667701011e-06	8.94943338505053e-07	0.000176777631217645	0.000253690114603285	NA	NA	NA	NA	NA	1.8530591479634e-05	7.89655886916223e-07	NA	4.79057904729175e-06	1.86885226570173e-05	5.79080983738564e-07	NA	0.000213049158289997	NA	0.000254479770490202	6.89632807906835e-06	NA	NA	2.86381868321617e-05	NA	NA	NA	1.47402432224362e-06	NA	NA	NA	NA	NA	2.94804864448723e-06	NA	NA	NA	0.000557128550082293	0.000138979436097255	0.00147439282832418	0.00365068445266529	NA	6.55940823398409e-05	1.36873687065479e-06	1.21080569327154e-06	1.00023079009388e-06	NA	3.34814096052479e-05	2.57954256392633e-05	5.3170163052359e-06	1.72671420605681e-05	NA	NA	1.73197857863625e-05	NA	NA	NA	4.15885433775878e-06	NA	2.35843891558979e-05	NA	1.78988667701011e-06	NA	NA	NA	NA	2.63745066230019e-05	NA	NA	NA	NA	NA	NA	NA	1.30030002712205e-05	NA	NA	NA	0.00669159662945387	7.89655886916223e-07	8.42299612710638e-07	5.79080983738564e-07	NA	NA	0.000233211705269258	NA	3.57977335402021e-06	0.000235422741752623	NA	NA	4.68529159570292e-06	NA	7.37012161121808e-07	NA	1.1160469868416e-05	2.57954256392633e-06	3.26391099925372e-06	2.63218628972074e-06	NA	1.15816196747713e-06	1.10551824168271e-06	7.89655886916223e-07	9.47587064299468e-07	NA	6.31724709532979e-07	NA	NA	1.57931177383245e-06	6.84368435327393e-07	9.47587064299468e-07	8.42299612710638e-07	1.68459922542128e-06	9.47587064299468e-07	NA	6.31724709532979e-07	5.26437257944149e-07	7.89655886916223e-07	NA	NA	1.10551824168271e-06	1.68459922542128e-06	NA	NA	1.31609314486037e-06	1.4213805964492e-06	1.26344941906596e-06	NA	NA	1.84253040280452e-06	9.42322691720026e-06	NA	7.37012161121808e-07	1.10551824168271e-06	3.94827943458112e-06	2.05310530598218e-06	1.44770245934641e-05	3.21126727345931e-06	1.94781785439335e-06	3.42184217663697e-06	4.68529159570292e-06	1.68459922542128e-06	1.36873687065479e-06	1.21080569327154e-06	6.26460336953537e-06	NA	2.57954256392633e-06	2.31632393495425e-06	1.57931177383245e-06	4.31678551514202e-06	NA	NA	6.31724709532979e-07	8.94943338505053e-07	8.42299612710638e-07	NA	NA	1.84253040280452e-06	NA	NA	NA	2.36896766074867e-06	NA	1.47402432224362e-06	7.89655886916223e-07	2.00046158018777e-06	NA	NA	NA	NA	1.00023079009388e-06	5.79080983738564e-07	1.10551824168271e-06	NA	NA	NA	NA	NA	3.05333609607606e-06	6.31724709532979e-07	NA	NA	NA	NA	0.000228894919754116	NA	NA	NA	NA	NA	1.0528745158883e-06	NA	NA	1.89517412859894e-06	NA	5.26437257944149e-07	NA	NA	NA	1.21080569327154e-06	NA	NA	NA	5.26437257944149e-06	1.0528745158883e-06	NA	NA	5.15908512785266e-06	1.94781785439335e-06	2.05310530598218e-06	NA	9.47587064299468e-07	NA	NA	NA	NA	NA	NA	NA	NA	NA	NA	1.02655265299109e-05	3.55871586370245e-05	9.47587064299468e-07	1.41611622386976e-05	NA	5.52759120841356e-06	NA	1.94781785439335e-06	NA	4.15885433775878e-06	NA	7.89655886916223e-07	NA	1.15816196747713e-06	NA	NA	NA	NA	NA	NA	NA	NA	NA	NA	NA	NA	NA	NA	1.00023079009388e-06	NA	NA	NA	NA	0.000194150060729802	9.47587064299468e-07	7.37012161121808e-07	6.31724709532979e-07	NA	NA	8.42299612710638e-07	NA	NA	NA	2.52689883813191e-06	NA	NA	NA	NA	NA	NA	NA	NA	NA	NA	NA	NA	NA	6.31724709532979e-07	NA	NA	NA	1.63195549962686e-06	NA	1.36873687065479e-06	NA	1.68459922542128e-06	NA	NA	NA	NA	NA	NA	NA	NA	NA	1.31609314486037e-06	NA	NA	NA	NA	NA	7.37012161121808e-07	NA	1.36873687065479e-06	NA	8.94943338505053e-07	NA	NA	NA	NA	8.94943338505053e-07	6.84368435327393e-07	NA	NA	NA	5.3170163052359e-06	NA	NA	NA	NA	NA	2.68483001551516e-06	NA	NA	NA	3.05333609607606e-06	5.37492440360976e-05	6.63310945009627e-06	1.73724295121569e-06	8.37035240131197e-06	NA	NA	NA	2.57954256392633e-06	NA	NA	3.31655472504814e-06	1.10551824168271e-06	NA	NA	NA	9.47587064299468e-07	NA	NA	NA	5.19067136332931e-05	1.00023079009388e-06	NA	NA	1.31609314486037e-06	NA	NA	7.89655886916223e-07	NA	NA	NA	NA	6.05402846635771e-06	NA	6.84368435327393e-07	NA	7.89655886916223e-07	NA	NA	2.31632393495425e-06	NA	5.05379767626383e-06	NA	NA	1.0528745158883e-06	NA	1.0528745158883e-06	NA	5.79080983738564e-07	7.89655886916223e-07	1.21080569327154e-06	NA	NA	NA	5.26437257944149e-07	NA	1.4213805964492e-06	7.37012161121808e-07	5.79080983738564e-07	NA	NA	1.26344941906596e-06	NA	NA	5.89609728897447e-06	NA	NA	NA	NA	NA	NA	NA	NA	NA	NA	4.42207296673085e-06	NA	6.31724709532979e-07	1.00023079009388e-06	2.57954256392633e-06	1.63195549962686e-06	NA	1.95308222697279e-05	NA	1.89517412859894e-06	NA	NA	NA	NA	0.00180078392824955	1.36873687065479e-06	6.31724709532979e-07	7.89655886916223e-07	1.68459922542128e-06	1.0528745158883e-06	NA	NA	1.57931177383245e-06	9.47587064299468e-07	NA	2.4742551123375e-06	1.21080569327154e-06	1.0528745158883e-06	2.05310530598218e-06	NA	NA	NA	NA	3.68506080560904e-06	4.36942924093643e-06	1.63195549962686e-06	6.84368435327393e-07	NA	NA	5.58023493420798e-06	1.57931177383245e-06	NA	NA	6.31724709532979e-07	NA	NA	5.26437257944149e-07	NA	NA	NA	NA	NA	NA	NA	2.94804864448723e-06	NA	1.68459922542128e-06	NA	NA	NA	1.73724295121569e-06	1.07393200620606e-05	NA	1.57931177383245e-06	NA	NA	NA	NA	NA	5.26437257944149e-07	NA	3.79034825719787e-06	NA	1.52666804803803e-05	5.79080983738564e-07	NA	NA	1.68459922542128e-06	NA	9.89702044935e-06	NA	NA	NA	1.36873687065479e-06	NA	1.0528745158883e-06	5.79080983738564e-07	NA	0.0033432977377517	4.00092316037553e-06	1.16342634005657e-05	NA	4.31678551514202e-06	8.94943338505053e-07	NA	NA	NA	1.73724295121569e-06	1.71618546089793e-05	5.89609728897447e-06	3.84299198299229e-06	NA	NA	NA	NA	NA	NA	NA	NA	NA	NA	NA	NA	NA	NA	NA	7.37012161121808e-07	NA	NA	NA	NA	NA	NA	NA	NA	NA	NA	NA	NA	NA	9.47587064299468e-07	1.10551824168271e-06	NA	NA	NA	NA	NA	2.68483001551516e-06	1.15816196747713e-06	7.89655886916223e-07	NA	1.36873687065479e-06	NA	NA	NA	NA	NA	NA	NA	NA	NA	NA	NA	NA	NA	5.26437257944149e-07	NA	NA	NA	NA	NA	NA	NA	NA	NA	NA	NA	NA	NA	NA	NA	NA	5.26437257944149e-07	NA	NA	NA	NA	7.89655886916223e-07	NA	NA	NA	NA	NA	3.94827943458112e-06	NA	NA	NA	NA	NA	NA	9.47587064299468e-07	NA	NA	NA	7.37012161121808e-07	NA	NA	NA	NA	NA	NA	NA	NA	NA	NA	NA	8.42299612710638e-07	NA	NA	NA	NA	NA	NA	NA	NA	NA	NA	NA	NA	NA	NA	NA	7.28589164994702e-05	2.88487617353394e-05	1.54246116577636e-05	2.05310530598218e-06	NA	NA	NA	NA	NA	NA	NA	NA	NA	NA	NA	NA	NA	NA	NA	NA	NA	NA	5.26437257944149e-07	NA	NA	NA	NA	NA	NA	NA	NA	NA	NA	NA	NA	NA	NA	NA	NA	NA	NA	NA	NA	NA	NA	NA	NA	NA	NA	NA	NA	NA	NA	NA	9.47587064299468e-07	NA	NA	NA	NA	NA	NA	6.84368435327393e-07	NA	NA	NA	NA	NA	NA	NA	NA	NA	NA	NA	NA	NA	NA	NA	NA	NA	NA	NA	NA	NA	NA	0.000129766784083233	NA	NA	NA	NA	NA	NA	NA	NA	NA	NA	NA	NA	6.84368435327393e-07	NA	NA	NA	NA	NA	NA	NA	NA	NA	NA	NA	NA	NA	NA	NA	NA	NA	NA	NA	NA	NA	NA	NA	NA	NA	NA	6.31724709532979e-07	NA	NA	NA	NA	NA	NA	8.94943338505053e-07	NA	NA	NA	NA	NA	NA	NA	NA	NA	NA	NA	NA	NA	NA	NA	NA	NA	5.79080983738564e-07	NA	NA	NA	NA	NA	8.94943338505053e-07	NA	NA	NA	NA	NA	NA	NA	NA	NA	NA	NA	NA	NA	5.79080983738564e-07	NA	NA	NA	NA	7.37012161121808e-07	9.47587064299468e-07	NA	NA	NA	NA	NA	NA	NA	NA	NA	7.37012161121808e-07	NA	NA	NA	NA	NA	NA	NA	5.26437257944149e-07	NA	NA	NA	NA	NA	NA	NA	NA	NA	NA	NA	NA	NA	NA	NA	5.79080983738564e-07	NA	NA	NA	NA	NA	NA	NA	6.31724709532979e-07	5.79080983738564e-07	NA	NA	NA	NA	NA	NA	NA	NA	NA	NA	NA	NA	NA	NA	NA	NA	NA	NA	NA	NA	NA	NA	NA	NA	NA	NA	NA	NA	NA	NA	NA	NA	NA	NA	NA	5.26437257944149e-07	NA	NA	NA	NA	NA	NA	NA	NA	NA	NA	NA	NA	NA	NA	1.36873687065479e-06	1.10551824168271e-06	1.00023079009388e-06	6.31724709532979e-06	6.84368435327393e-07	1.47402432224362e-06	3.15862354766489e-06	1.84253040280452e-06	1.4213805964492e-06	2.42161138654308e-06	NA	NA	NA	NA	NA	NA	NA	6.31724709532979e-07	5.79080983738564e-07	NA	NA	NA	NA	NA	NA	NA	NA	NA	NA	NA	NA	NA	NA	NA	NA	NA	NA	NA	NA	NA	NA	NA	NA	NA	NA	NA	NA	NA	NA	NA	NA	NA	NA	NA	NA	NA	NA	NA	NA	NA	NA	NA	NA	NA	NA	NA	NA	NA	6.31724709532979e-07	NA	NA	NA	NA	NA	NA	NA	NA	NA	NA	NA	NA	NA	NA	NA	NA	NA	NA	NA	NA	NA	NA	NA	NA	NA	NA	NA	NA	NA	NA	NA	NA	NA	NA	NA	NA	NA	NA	NA	NA	NA	NA	NA	NA	NA	NA	NA	NA	NA	NA	NA	NA	NA	NA	NA	NA	NA	NA	NA	NA	NA	NA	NA	NA	NA	NA	NA	NA	NA	NA	NA	NA	NA	NA	NA	NA	1.52666804803803e-06	NA	NA	NA	NA	NA	NA	NA	NA	NA	NA	NA	NA	NA	NA	NA	NA	NA	NA	NA	NA	NA	NA	NA	NA	NA	NA	NA	NA	NA	NA	NA	NA	NA	NA	NA	NA	NA	NA	NA	NA	NA	NA	NA	NA	NA	NA	NA	NA	NA	NA	NA	NA	NA	NA	NA	NA	NA	NA	NA	NA	NA	NA	NA	NA	NA	NA	NA	NA	NA	5.26437257944149e-07	NA	NA	NA	NA	NA	NA	NA	NA	NA	NA	NA	NA	NA	NA	NA	NA	NA	NA	NA	NA	NA	NA	NA	NA	NA	NA	NA	NA	NA	NA	NA	NA	NA	NA	NA	NA	NA	NA	NA	NA	NA	NA	NA	NA	NA	NA	NA	NA	NA	NA	NA	NA	NA	NA	NA	NA	NA	NA	NA	NA	NA	NA	NA	NA	NA	NA	NA	NA	NA	NA	NA	NA	NA	NA	NA	NA	NA	NA	NA	NA	NA	NA	NA	NA	NA	NA	3.8956357087867e-06	NA	NA	NA	NA	NA	NA	8.94943338505053e-07	1.31609314486037e-06	NA	NA	NA	NA	NA	NA	NA	NA	NA	NA	NA	NA	NA	NA	NA	5.26437257944149e-07	2.21103648336542e-06	6.84368435327393e-07	5.26437257944149e-07	6.84368435327393e-07	1.0528745158883e-06	1.26344941906596e-06	6.31724709532979e-07	5.26437257944149e-07	1.57931177383245e-06	7.37012161121808e-07	8.42299612710638e-07	NA	NA	NA	NA
SLC_SMT_NEG_194J	0.00533452291335582	0.000148697502811312	0.0335126996960995	0.000167284690662726	NA	0.00703525060176021	0.00099441455005065	0.000539028447691007	0.000297395005622624	0.000120816721034191	0.0047676136838877	0.0070259570078345	0.00335498740718023	0.00507430228343603	NA	0.00121746080426762	0.000325275787399745	0.000789955483685096	0.000120816721034191	NA	NA	NA	NA	NA	NA	NA	NA	NA	NA	NA	NA	NA	NA	NA	NA	NA	NA	NA	NA	NA	NA	NA	NA	NA	NA	NA	NA	NA	NA	NA	NA	NA	NA	NA	NA	NA	NA	NA	NA	NA	NA	NA	NA	NA	NA	NA	NA	NA	NA	NA	NA	NA	NA	NA	NA	NA	NA	NA	NA	NA	0.000947946580422115	0.000130110314959898	NA	NA	NA	NA	NA	NA	NA	NA	NA	NA	NA	NA	NA	NA	NA	NA	NA	NA	NA	NA	NA	NA	NA	NA	0.00135686471315322	NA	0.000408918132731108	NA	NA	NA	0.0211150453992063	NA	NA	NA	NA	NA	NA	NA	NA	NA	NA	NA	NA	NA	NA	NA	NA	NA	NA	NA	NA	NA	NA	NA	NA	NA	NA	NA	NA	0.000204459066365554	NA	NA	NA	NA	NA	NA	NA	NA	NA	NA	NA	NA	NA	NA	NA	NA	NA	NA	NA	NA	NA	NA	NA	NA	NA	NA	NA	NA	NA	NA	NA	NA	NA	NA	NA	NA	NA	NA	NA	NA	NA	NA	NA	NA	NA	NA	NA	NA	NA	NA	NA	NA	NA	NA	0.000223046254216968	0.00027880781777121	NA	NA	NA	NA	NA	NA	NA	NA	NA	NA	NA	NA	NA	NA	NA	NA	NA	NA	NA	NA	NA	NA	NA	NA	NA	NA	NA	NA	NA	NA	NA	NA	NA	NA	NA	NA	NA	NA	NA	NA	NA	NA	NA	NA	NA	NA	NA	NA	NA	NA	NA	NA	NA	NA	NA	NA	NA	NA	NA	NA	NA	NA	NA	NA	NA	NA	NA	0.000288101411696917	0.000232339848142675	NA	NA	NA	NA	NA	NA	NA	NA	NA	NA	NA	NA	NA	NA	NA	NA	NA	NA	NA	NA	NA	NA	NA	NA	NA	NA	NA	NA	NA	NA	NA	NA	NA	NA	NA	NA	NA	NA	NA	NA	NA	NA	NA	9.29359392570701e-05	NA	NA	NA	NA	NA	NA	NA	NA	NA	NA	NA	NA	NA	NA	NA	NA	NA	NA	NA	NA	NA	NA	NA	NA	NA	NA	NA	NA	NA	NA	NA	NA	NA	NA	NA	NA	NA	NA	NA	NA	NA	NA	NA	NA	NA	NA	NA	NA	NA	NA	NA	NA	NA	NA	NA	NA	NA	NA	NA	NA	NA	NA	NA	NA	NA	NA	NA	NA	NA	NA	NA	NA	NA	NA	NA	NA	NA	NA	NA	NA	NA	NA	NA	NA	NA	0.000343862975251159	NA	0.000167284690662726	NA	0.000148697502811312	0.0125463517997045	0.00216540738468973	0.000789955483685096	0.00135686471315322	0.000585496417319542	0.000353156569176866	0.000325275787399745	0.000520441259839593	NA	NA	0.0601202591053987	0.00956310814955251	0.00140333268278176	0.000157991096737019	0.000213752660291261	0.638758004107769	0.0427970000278808	0.0340238473620134	0.00199812269402701	0.000139403908885605	0.00102229533182777	NA	0.000195165472439847	0.000334569381325452	NA	NA	NA	NA	NA	NA	NA	0.000130110314959898	NA	NA	NA	NA	NA	NA	NA	NA	NA	NA	NA	NA	NA	NA	NA	NA	0.000306688599548331	NA	NA	NA	0.000260220629919796	NA	NA	NA	NA	NA	NA	NA	NA	NA	NA	NA	NA	NA	NA	NA	NA	NA	NA	NA	NA	NA	NA	NA	NA	NA	NA	NA	NA	NA	NA	NA	NA	NA	NA	NA	NA	NA	NA	NA	NA	NA	NA	NA	NA	0.000223046254216968	NA	NA	NA	NA	NA	NA	NA	NA	NA	NA	NA	NA	NA	NA	NA	NA	NA	NA	NA	NA	NA	NA	NA	NA	NA	NA	NA	NA	NA	NA	NA	NA	NA	NA	NA	NA	NA	NA	NA	NA	NA	NA	NA	NA	NA	NA	NA	NA	NA	NA	NA	NA	NA	NA	NA	NA	NA	NA	NA	NA	NA	NA	NA	NA	NA	NA	NA	NA	NA	NA	NA	NA	NA	NA	NA	NA	0.000167284690662726	NA	0.000483266884136765	NA	NA	NA	NA	NA	NA	NA	NA	NA	NA	NA	NA	NA	NA	NA	NA	NA	NA	NA	NA	NA	NA	NA	NA	NA	NA	NA	NA	NA	NA	NA	NA	NA	0.000102229533182777	NA	NA	NA	NA	NA	NA	NA	NA	NA	NA	NA	NA	NA	NA	NA	NA	NA	NA	NA	NA	NA	NA	NA	NA	NA	NA	NA	NA	NA	NA	NA	NA	NA	NA	NA	NA	NA	NA	NA	NA	NA	NA	NA	NA	NA	NA	NA	NA	NA	NA	NA	NA	NA	NA	NA	NA	NA	NA	NA	NA	NA	NA	NA	NA	NA	NA	NA	NA	NA	NA	NA	NA	NA	NA	NA	NA	NA	NA	NA	NA	NA	NA	NA	NA	NA	NA	NA	NA	NA	0.000120816721034191	NA	NA	NA	NA	NA	NA	NA	NA	NA	NA	NA	NA	NA	0.000288101411696917	NA	NA	NA	NA	NA	NA	NA	NA	0.00212823300898691	NA	NA	NA	NA	NA	NA	NA	NA	NA	NA	NA	NA	NA	NA	NA	NA	NA	NA	NA	NA	NA	NA	NA	NA	NA	NA	NA	NA	NA	NA	NA	NA	NA	NA	NA	NA	NA	NA	NA	NA	NA	NA	NA	NA	NA	NA	NA	NA	NA	NA	NA	NA	NA	NA	NA	NA	NA	NA	NA	NA	NA	NA	NA	NA	NA	NA	NA	NA	NA	NA	NA	NA	NA	NA	NA	NA	NA	NA	NA	NA	NA	NA	NA	NA	NA	NA	NA	NA	NA	NA	NA	NA	NA	NA	NA	NA	NA	NA	NA	NA	NA	NA	NA	NA	NA	NA	NA	NA	NA	NA	NA	NA	NA	NA	NA	NA	NA	NA	NA	NA	NA	NA	NA	NA	NA	NA	NA	NA	NA	NA	NA	NA	NA	NA	NA	NA	NA	NA	NA	NA	NA	NA	NA	NA	NA	NA	0.000697019544428026	NA	NA	NA	NA	NA	NA	NA	NA	NA	NA	NA	NA	NA	NA	NA	NA	NA	NA	NA	NA	NA	NA	NA	NA	NA	NA	NA	NA	NA	NA	NA	NA	NA	NA	NA	NA	NA	NA	NA	NA	NA	0.00563191791897845	NA	NA	NA	NA	0.00407059413945967	NA	NA	NA	NA	NA	NA	NA	NA	NA	NA	NA	NA	NA	NA	NA	NA	NA	NA	NA	NA	NA	NA	NA	NA	NA	NA	NA	NA	NA	NA	NA	NA	NA	NA	NA	NA	NA	NA	NA	NA	NA	NA	NA	NA	NA	NA	NA	NA	NA	NA	NA	NA	NA	NA	NA	NA	NA	0.00254644473564372	0.0005297348537653	NA	NA	NA	NA	NA	NA	NA	NA	NA	0.000148697502811312	NA	NA	NA	NA	NA	NA	NA	NA	NA	NA	NA	NA	0.000455386102359644	NA	NA	NA	NA	NA	NA	NA	NA	NA	NA	NA	NA	NA	NA	0.000102229533182777	NA	NA	NA	NA	NA	NA	NA	NA	NA	NA	NA	NA	NA	0.00037174375702828	NA	0.00252785754779231	0.000176578284588433	0.000241633442068382	NA	NA	0.000827129859387924	NA	NA	NA	NA	NA	NA	0.000390330944879694	NA	NA	NA	NA	NA	NA	NA	NA	NA	NA	NA	NA	NA	NA	NA	NA	NA	NA	NA	NA	NA	NA	NA	NA	NA	NA	NA	NA	NA	NA	NA	NA	NA	NA	NA	NA	NA	NA	NA	NA	NA	NA	NA	NA	NA	NA	NA	NA	NA	NA	NA	NA	NA	NA	NA	NA	NA	NA	NA	NA	NA	NA	NA	NA	NA	NA	NA	NA	NA	NA	NA	NA	0.000120816721034191	NA	NA	NA	NA	NA	NA	NA	NA	NA	NA	NA	NA	NA	NA	NA	NA	NA	NA	NA	NA	NA	NA	NA	NA	NA	NA	NA	NA	NA	NA	NA	NA	NA	NA	NA	NA	NA	NA	NA	NA	NA	NA	NA	NA	NA	NA	NA	NA	NA	NA	NA	NA	NA	NA	NA	NA	NA	NA	NA	NA	NA	NA	NA	NA	NA	NA	NA	NA	NA	NA	NA	NA	NA	NA	NA	NA	NA	NA	NA	NA	NA	NA	NA	NA	NA	NA	NA	NA	NA	NA	NA	NA	NA	NA	NA	NA	NA	NA	NA	NA	NA	NA	NA	NA	NA	NA	NA	NA	NA	NA	NA	NA	NA	NA	NA	NA	NA	NA	NA	NA	NA	NA	NA	NA	NA	NA	NA	NA	NA	NA	NA	NA	NA	NA	NA	NA	NA	NA	NA	NA	NA	NA	NA	NA	NA	NA	NA	NA	NA	NA	NA	NA	NA	NA	NA	NA	NA	NA	NA	NA	NA	NA	NA	NA	NA	NA	NA	NA	NA	NA	NA	NA	NA	NA	NA	NA	NA	NA	NA	NA	NA	NA	NA	NA	NA	NA	NA	NA	NA	NA	NA	NA	NA	NA	NA	NA	NA	NA	NA	0.000139403908885605	0.000260220629919796	NA	NA	NA	NA	NA	NA	NA	NA	NA	NA	NA	NA	NA	NA	NA	NA	NA	NA	NA	NA	NA	NA	NA	NA	NA	NA	NA	NA	NA	NA	NA	NA	NA	NA	NA	NA	NA	NA	NA	NA	NA	NA	NA	0.000539028447691007	NA	NA	NA	NA	NA	NA	NA	NA	NA	NA	NA	NA	NA	NA	NA	NA	NA	NA	NA	NA	NA	NA	NA	NA	NA	NA	NA	NA	NA	NA	NA	NA	NA	NA	NA	NA	NA	NA	NA	NA	NA	NA	NA	NA	NA	NA	NA	NA	NA	NA	NA	NA	NA	NA	NA	NA	NA	0.0021189394150612	NA	NA	NA	NA	NA	NA	NA	0.000864304235090752	NA	NA	NA	NA	NA	0.0105203483239003	NA	NA	NA	0.000130110314959898	0.00108735048930772	NA	NA	NA	NA	NA	NA	NA	NA	NA	NA	NA	NA	NA	NA	NA	NA	NA	NA	NA	NA	NA	NA	NA	NA	NA	NA	NA	NA	NA	NA	NA	NA	NA	NA	NA	0.0392003791786322	NA	NA	NA	NA	NA	NA	NA	NA	NA	NA	NA	NA	NA	NA	NA	NA	NA	NA	NA	NA	NA	NA	NA	NA	NA	NA	NA	NA	NA	NA	NA	NA	NA	NA	NA	NA	0.000120816721034191	NA	NA	NA	0.000148697502811312	NA	NA	NA	NA	NA	NA	NA	NA	NA	NA	NA	NA	NA	NA	NA	NA	NA	NA	NA	NA	NA	NA	NA	NA	NA	NA	NA	NA	NA	NA	NA	NA	NA	NA	NA	NA	NA	NA	NA	NA	NA	NA	NA	NA	NA	NA	NA	NA	NA	NA	NA	0.000353156569176866	0.000130110314959898	NA	NA	NA	NA	NA	NA	NA	NA	NA	NA	NA	NA	NA	NA	NA	0.000102229533182777	NA	NA	NA	NA	NA	NA	NA	NA	NA	NA	NA	NA	NA	NA	NA	NA	NA	NA	NA	NA	NA	NA	NA	NA	NA	NA	NA	NA	NA	NA	NA	NA	NA	NA	NA	NA	NA	NA	NA	NA	NA	NA	NA	NA	NA	NA	NA	NA	NA	NA	NA	NA	0.000288101411696917	NA	NA	NA	NA	NA	NA	NA	NA	NA	NA	NA	NA	NA	NA	NA	NA	NA	NA	NA	NA	NA	NA	NA	NA	NA	NA	NA	NA	NA	NA	NA	NA	NA	NA	NA	NA	NA	NA	NA	NA	NA	NA	NA	NA	NA	NA	NA	NA	NA	0.000111523127108484	NA	NA	NA	NA	NA	NA	NA	NA	NA	NA	NA	NA	NA	NA	NA	NA	NA	NA	NA	NA	NA	NA	NA	NA	NA	NA	NA	NA	NA	NA	NA	NA	NA	NA	0.00018587187851414	NA	NA	NA	NA	0.000306688599548331	NA	NA	NA	NA	NA	NA	NA	NA	NA	NA	NA	NA	NA	NA	NA	NA	NA	NA	NA	NA	NA	NA	NA	NA	NA	NA	NA	NA	NA	NA	NA	NA	NA	NA	NA	NA	NA	NA	NA	NA	NA	NA	NA	NA	NA	NA	NA	NA	NA	NA	NA	NA	NA	NA	NA	NA	NA	NA	NA	NA	NA	NA	NA	NA	NA	NA	NA	NA	NA	NA	NA	0.00506500868951032	NA	NA	NA	NA	NA	NA	NA	NA	NA	NA	NA	NA	NA	0.000120816721034191	NA	NA	NA	NA	NA	NA	NA	NA	NA	NA	NA	NA	NA	NA	NA	NA	NA	NA	NA	NA	NA	NA	NA	NA	NA	NA	NA	NA	NA	NA	NA	NA	NA	NA	NA	NA	NA	NA	NA	NA	NA	NA	NA	NA	NA	NA	NA	NA	NA	NA	NA	NA	NA	0.00466538415070492	0.000353156569176866	0.0021189394150612	0.000483266884136765	NA	NA	NA	NA	NA	NA	NA	NA	NA	NA	NA	NA	NA	NA	NA	NA	NA	NA	NA	NA	NA	NA	NA	NA	NA	NA	NA	NA	NA	NA	NA	NA	NA	NA	NA	NA	NA	NA	NA	NA	NA	NA	NA	NA	NA	NA	NA	NA	NA	NA	NA	NA	NA	NA	NA	NA	NA	NA	NA	NA	NA	NA	NA	NA	NA	NA	NA	NA	NA	NA	NA	NA	NA	NA	NA	NA	NA	NA	NA	NA	NA	NA	NA	NA	NA	NA	NA	NA	NA	NA	NA	NA	NA	NA	NA	NA	NA	NA	NA	NA	NA	NA	NA	NA	NA	NA	NA	NA	NA	NA	NA	NA	NA	NA	NA	NA	NA	NA	NA	NA	NA	NA	NA	NA	NA	NA	NA	NA	NA	NA	NA	NA	NA	NA	NA	NA	NA	NA	NA	NA	NA	NA	NA	NA	NA	NA	NA	NA	NA	NA	NA	NA	NA	NA	NA	NA	NA	NA	NA	NA	NA	NA	NA	NA	NA	NA	NA	NA	NA	NA	NA	NA	NA	NA	NA	NA	NA	NA	NA	NA	NA	NA	NA	NA	NA	NA	NA	NA	NA	NA	NA	NA	NA	NA	NA	NA	NA	NA	NA	NA	NA	NA	NA	NA	NA	NA	NA	NA	NA	NA	NA	NA	NA	NA	NA	NA	NA	NA	NA	NA	NA	NA	NA	NA	NA	NA	NA	NA	NA	NA	NA	NA	NA	NA	NA	NA	NA	NA	NA	NA	NA	NA	NA	NA	NA	NA	NA	NA	NA	NA	0.000130110314959898	NA	NA	NA	NA	NA	NA	NA	NA	NA	NA	NA	NA	NA	NA	NA	NA	NA	NA	NA	NA	NA	NA	NA	0.000148697502811312	NA	NA	NA	NA	NA	NA	NA	NA	NA	NA	NA	NA	NA	NA	NA	NA	NA	NA	0.000473973290211058	NA	NA	NA	NA	NA	NA	NA	NA	NA	0.000343862975251159	0.000111523127108484	0.000195165472439847	NA
SLC_SMT_NEG_89J	1.35270475917953e-05	0.000428443218917056	0.469291000611319	NA	NA	1.71689450203556e-05	NA	0.0100766099137651	0.114819921178934	0.0259081981712472	0.238586683662188	0.000127206274468998	0.000269760545244072	7.28379485712056e-06	0.000460179753651652	1.37871831224068e-05	6.24325273467477e-06	0.0132338748487962	0.000389422889325339	0.000127206274468998	2.60135530611449e-06	NA	NA	NA	0.000231260486713578	0.0018313541355046	0.000693781460140733	0.00012746640999961	6.81555090201995e-05	1.48277252448526e-05	9.36487910201215e-06	9.1047435714007e-06	8.5844725101778e-06	5.20271061222897e-06	0.000126686003407775	9.36487910201215e-05	8.03818789589376e-05	4.70845310406722e-05	0.000142554270775074	NA	NA	NA	NA	NA	NA	NA	NA	4.78649376325065e-05	NA	NA	5.69696812039072e-05	4.16216848978318e-06	NA	2.93953149590937e-05	NA	NA	NA	NA	2.47128754080876e-05	3.14763992039853e-05	NA	NA	NA	NA	NA	NA	NA	NA	NA	NA	NA	NA	NA	NA	NA	NA	NA	NA	NA	NA	NA	0.00175227293419872	0.00749060260395666	5.74899522651301e-05	2.08108424489159e-05	4.18818204284432e-05	1.89898937346357e-05	3.74595164080486e-05	9.15677067752299e-05	1.24865054693495e-05	8.5844725101778e-06	7.80406591834346e-06	3.25169413264311e-05	4.94257508161752e-06	1.76892160815785e-05	1.19662344081266e-05	2.60135530611449e-06	NA	2.60135530611449e-06	3.64189742856028e-06	NA	NA	NA	NA	NA	NA	0.00180430004032101	0.000294733556182771	0.000185216497795351	0.000412835087080369	0.000303318028692949	3.90203295917173e-05	5.41081903671813e-05	0.000379277603631492	0.000266899054407346	9.07873001833956e-05	0.00015087860775464	8.84460804078925e-06	5.46284614284042e-05	2.60135530611449e-06	1.82094871428014e-05	1.01452856938465e-05	7.02365932650911e-06	1.35270475917953e-05	NA	5.98311720406332e-06	3.64189742856028e-06	1.11858278162923e-05	5.98311720406332e-06	2.86149083672593e-06	NA	8.84460804078925e-06	NA	2.86149083672593e-06	NA	NA	NA	NA	NA	0.000173250263387225	0.00063577123681438	4.91656152855638e-05	0.000234382113080915	4.96858863467867e-05	4.8125073163118e-05	9.70305529180703e-05	5.67095456732958e-05	NA	0.000362108658611136	0.00015087860775464	2.86149083672593e-06	3.98007361835516e-05	4.63041244488378e-05	1.89898937346357e-05	1.56081318366869e-05	NA	3.0175721550928e-05	1.14459633469037e-05	5.72298167345187e-06	4.16216848978318e-06	1.04054212244579e-05	1.14459633469037e-05	3.38176189794883e-06	NA	3.38176189794883e-06	5.72298167345187e-06	1.71689450203556e-05	2.86149083672593e-06	1.06655567550694e-05	NA	6.24325273467477e-06	8.5844725101778e-06	3.12162636733738e-06	1.22263699387381e-05	NA	NA	8.32433697956635e-06	NA	NA	NA	NA	4.16216848978318e-06	NA	NA	4.94257508161752e-06	NA	NA	5.20271061222897e-06	NA	8.5844725101778e-06	NA	2.60135530611449e-06	2.86149083672593e-06	NA	NA	NA	0.000128246816591444	0.000144635355019965	3.51182966325456e-05	0.00306829858356204	0.000369132317937645	0.00010951705838742	0.00105536984769065	9.31285199588986e-05	5.72298167345187e-06	3.85000585304944e-05	2.86149083672593e-05	9.80710950405161e-05	4.42230402039463e-05	4.94257508161752e-06	2.86149083672593e-05	1.01452856938465e-05	7.80406591834346e-05	6.8415644550811e-05	1.22263699387381e-05	1.63885384285213e-05	6.24325273467477e-06	5.0466292938621e-05	1.43074541836297e-05	1.32669120611839e-05	2.15912490407502e-05	1.14459633469037e-05	6.50338826528621e-06	3.06959926121509e-05	1.71689450203556e-05	3.12162636733738e-06	9.88515016323505e-06	6.76352379589766e-06	8.84460804078925e-06	NA	1.04054212244579e-05	1.22263699387381e-05	NA	NA	1.95101647958586e-05	1.5087860775464e-05	NA	1.32669120611839e-05	NA	5.98311720406332e-06	6.24325273467477e-06	2.60135530611449e-06	NA	3.64189742856028e-06	2.86149083672593e-06	NA	1.14459633469037e-05	2.60135530611449e-06	NA	1.06655567550694e-05	NA	NA	2.86149083672593e-06	NA	NA	4.16216848978318e-06	NA	NA	5.98311720406332e-06	NA	NA	3.64189742856028e-06	NA	NA	NA	0.0155298310419729	0.000388122211672281	0.000156081318366869	0.000284328134958313	0.000411794544957923	0.00016518606193827	7.49190328160972e-05	1.24865054693495e-05	6.19122562855248e-05	2.67939596529792e-05	2.08108424489159e-05	3.38176189794883e-06	8.84460804078925e-06	5.72298167345187e-06	4.94257508161752e-06	5.98311720406332e-06	0.00180820207328018	0.000312162636733738	1.69088094897442e-05	0.000195361783489198	0.000148797523509749	4.65642599794493e-05	7.0756864326314e-05	4.16216848978318e-06	2.60135530611449e-06	5.72298167345187e-06	3.38176189794883e-06	4.94257508161752e-06	6.50338826528621e-06	7.80406591834346e-06	NA	NA	NA	NA	NA	2.05507069183044e-05	2.65338241223678e-05	0.000132148849550616	1.87297582040243e-05	3.12162636733738e-06	NA	NA	NA	NA	NA	0.000268199732060403	1.79493516121899e-05	8.06420144895491e-06	1.56081318366869e-05	8.1162285550772e-05	3.38176189794883e-06	NA	NA	5.28075127141241e-05	7.04967287957026e-05	NA	NA	1.82094871428014e-05	1.24865054693495e-05	NA	NA	NA	NA	NA	0.000102753534591522	0.000107956245203751	9.26082488976757e-05	2.36723332856418e-05	1.79493516121899e-05	3.64189742856028e-06	6.76352379589766e-06	NA	NA	2.86149083672593e-06	2.86149083672593e-06	NA	5.20271061222897e-06	NA	3.38176189794883e-06	5.20271061222897e-06	1.63885384285213e-05	NA	2.60135530611449e-06	NA	NA	NA	NA	3.90203295917173e-06	2.10709779795273e-05	6.37332049998049e-05	1.43074541836297e-05	NA	NA	NA	6.24325273467477e-06	NA	9.1047435714007e-06	NA	NA	NA	NA	NA	NA	0.000154260369652589	NA	NA	NA	1.04054212244579e-05	1.19662344081266e-05	NA	8.06420144895491e-06	NA	NA	4.11014138366089e-05	NA	3.12162636733738e-06	NA	3.771965193866e-05	2.15912490407502e-05	NA	4.44831757345577e-05	NA	NA	NA	NA	7.67399815303773e-05	8.5844725101778e-06	NA	1.58682673672984e-05	5.46284614284042e-06	NA	0.000437027691427234	2.60135530611449e-06	9.1047435714007e-06	3.64189742856028e-06	0.000151919149877086	0.000677913192773435	6.8415644550811e-05	4.03210072447745e-05	8.32433697956635e-05	1.58682673672984e-05	1.19662344081266e-05	2.10709779795273e-05	9.36487910201215e-06	5.20271061222897e-06	NA	0.003594552761989	0.000697683493099905	4.83852086937294e-05	1.09256922856808e-05	3.38176189794883e-06	0.00549926511712602	0.00026039566614206	0.000119142073020043	1.74290805509671e-05	9.6250146326236e-06	NA	0.00658351000871454	4.03210072447745e-05	3.48581611019341e-05	NA	7.28379485712056e-06	NA	3.90203295917173e-06	2.10709779795273e-05	1.11858278162923e-05	4.39629046733348e-05	NA	9.1047435714007e-06	0.000130067765305724	1.89898937346357e-05	4.94257508161752e-06	NA	NA	NA	NA	9.6250146326236e-06	NA	2.86149083672593e-06	3.14763992039853e-05	3.38176189794883e-06	1.17060988775152e-05	NA	0.0195731175942666	0.000402689801386522	0.000605855650794064	0.000313203178856184	0.000556429899977888	4.24020914896661e-05	3.64189742856028e-05	4.60439889182264e-05	7.8300794714046e-05	7.17974064487598e-05	0.00558693079094208	0.000101712992469076	4.42230402039463e-06	2.75743662448135e-05	3.64189742856028e-05	2.34121977550304e-05	1.79493516121899e-05	9.88515016323505e-06	8.84460804078925e-06	0.000244007127713539	0.000504923064916822	0.000349101882080564	0.000118621801958821	0.000241926043468647	0.000178973245060677	0.000131888714020004	0.000128246816591444	2.36723332856418e-05	3.27770768570425e-05	2.13311135101388e-05	7.28379485712056e-06	8.84460804078925e-06	2.86149083672593e-06	0.000489314933080135	6.50338826528621e-06	0.000195621919019809	0.000215912490407502	0.000719534877671267	4.37027691427234e-05	2.75743662448135e-05	NA	9.88515016323505e-06	2.70540951835906e-05	2.70540951835906e-05	3.90203295917173e-06	1.32669120611839e-05	9.6250146326236e-06	1.04054212244579e-05	NA	0.000157381996019926	7.15372709181484e-05	3.66791098162142e-05	1.74290805509671e-05	1.43074541836297e-05	3.38176189794883e-06	4.94257508161752e-06	0.000464081786610824	0.000311382230141904	0.000571257625222741	2.70540951835906e-05	6.94561866732568e-05	7.28379485712056e-06	NA	0.00124344783632272	0.000409713460713031	0.000128246816591444	7.20575419793713e-05	0.000105354889897637	7.41386262242628e-05	5.46284614284042e-06	2.21115201019731e-05	5.25473771835126e-05	2.88750438978708e-05	2.41926043468647e-05	0.000124604919162884	2.2631791163196e-05	1.14459633469037e-05	7.28379485712056e-06	2.21115201019731e-05	1.95101647958586e-05	3.90203295917173e-06	1.32669120611839e-05	1.61284028979098e-05	1.04054212244579e-05	9.6250146326236e-06	5.98311720406332e-06	1.09256922856808e-05	0.000417257391100764	4.21419559590547e-05	2.47128754080876e-05	8.32433697956635e-06	1.32669120611839e-05	1.14459633469037e-05	1.2746640999961e-05	1.32669120611839e-05	0.000141253593122017	7.5959574938543e-05	6.24325273467477e-05	3.90203295917173e-06	NA	9.96319082241848e-05	5.43683258977928e-05	0.000149838065632194	0.0001885982596933	4.68243955100607e-06	0.000106135296489471	4.08412783059974e-05	3.90203295917173e-06	1.19662344081266e-05	1.61284028979098e-05	NA	2.49730109386991e-05	2.86149083672593e-05	1.01452856938465e-05	8.5844725101778e-06	NA	9.6250146326236e-06	2.86149083672593e-06	1.32669120611839e-05	9.88515016323505e-06	NA	4.68243955100607e-06	NA	6.24325273467477e-06	0.00070574769454886	4.42230402039463e-05	4.16216848978318e-06	5.25473771835126e-05	0.000117581259836375	7.10169998569255e-05	5.35879193059584e-05	3.0175721550928e-05	2.41926043468647e-05	8.32433697956635e-06	1.66486739591327e-05	1.66486739591327e-05	4.42230402039463e-06	1.19662344081266e-05	1.5087860775464e-05	2.5493281999922e-05	1.45675897142411e-05	1.45675897142411e-05	3.64189742856028e-06	NA	4.68243955100607e-06	5.46284614284042e-06	7.28379485712056e-06	3.90203295917173e-06	NA	0.00015087860775464	8.22028276732177e-05	1.5087860775464e-05	6.50338826528621e-06	3.12162636733738e-05	0.000201865171754484	2.96554504897051e-05	2.88750438978708e-05	1.40473186530182e-05	1.40473186530182e-05	9.6250146326236e-06	9.88515016323505e-06	NA	2.60135530611449e-06	9.88515016323505e-06	0.000171689450203556	2.15912490407502e-05	8.40237763874979e-05	2.65338241223678e-05	3.82399229998829e-05	6.50338826528621e-06	1.04054212244579e-05	1.01452856938465e-05	3.90203295917173e-06	NA	5.46284614284042e-06	NA	0.000528855533733075	4.13615493672203e-05	1.35270475917953e-05	1.06655567550694e-05	1.69088094897442e-05	8.42839119181093e-05	8.5844725101778e-06	6.73751024283652e-05	8.27230987344406e-05	4.65642599794493e-05	2.5493281999922e-05	1.95101647958586e-05	5.8010223326353e-05	2.34121977550304e-05	NA	0.000116020446652706	5.43683258977928e-05	8.84460804078925e-05	3.14763992039853e-05	1.79493516121899e-05	4.86453442243409e-05	NA	1.71689450203556e-05	4.73446665712836e-05	5.46284614284042e-06	8.32433697956635e-06	5.72298167345187e-06	5.72298167345187e-06	3.64189742856028e-06	0.00113367064240469	0.000221375336550343	0.000175851618693339	3.90203295917173e-06	4.94257508161752e-06	5.72298167345187e-06	1.79493516121899e-05	8.37636408568864e-05	5.51487324896271e-05	2.99155860203166e-05	2.93953149590937e-05	8.84460804078925e-06	NA	0.00198379355644291	3.95406006529402e-05	0.000107956245203751	4.94257508161752e-06	1.24865054693495e-05	1.09256922856808e-05	3.64189742856028e-06	9.36487910201215e-06	6.50338826528621e-06	2.34121977550304e-05	0.000175591483162728	4.16216848978318e-06	0.00010769610967314	3.90203295917173e-06	6.78953734895881e-05	0.000104314347775191	1.06655567550694e-05	2.57534175305334e-05	1.35270475917953e-05	NA	NA	2.31520622244189e-05	5.46284614284042e-06	1.09256922856808e-05	NA	0.00014359481289752	6.24325273467477e-06	8.84460804078925e-06	2.23716556325846e-05	2.96554504897051e-05	NA	8.06420144895491e-06	4.37027691427234e-05	4.50034467957806e-05	6.68548313671423e-05	NA	1.14459633469037e-05	1.74290805509671e-05	9.88515016323505e-06	8.5844725101778e-06	NA	9.6250146326236e-06	2.47128754080876e-05	8.32433697956635e-06	7.28379485712056e-06	3.12162636733738e-06	1.74290805509671e-05	5.46284614284042e-06	4.94257508161752e-05	2.86149083672593e-05	NA	2.60135530611449e-05	4.16216848978318e-06	7.28379485712056e-06	3.90203295917173e-06	9.36487910201215e-06	3.90203295917173e-06	1.87297582040243e-05	4.42230402039463e-06	NA	1.66486739591327e-05	NA	9.88515016323505e-06	4.16216848978318e-06	5.72298167345187e-06	NA	1.66486739591327e-05	NA	4.68243955100607e-06	2.86149083672593e-06	NA	6.50338826528621e-06	9.36487910201215e-06	NA	4.16216848978318e-06	0.000174290805509671	3.64189742856028e-06	1.69088094897442e-05	0.000185476633325963	0.000451855416672086	4.73446665712836e-05	0.000107175838611917	0.00121067075946568	4.96858863467867e-05	5.59291390814614e-05	0.00016154416450971	0.000762717375752767	9.6250146326236e-06	2.28919266938075e-05	2.5493281999922e-05	2.10709779795273e-05	2.34121977550304e-05	2.08108424489159e-05	7.02365932650911e-06	1.48277252448526e-05	9.88515016323505e-06	9.36487910201215e-06	6.50338826528621e-06	3.38176189794883e-06	5.72298167345187e-06	3.64189742856028e-06	9.6250146326236e-06	8.84460804078925e-06	4.68243955100607e-06	3.90203295917173e-06	NA	2.60135530611449e-06	6.24325273467477e-06	1.22263699387381e-05	3.38176189794883e-05	0.000175331347632116	5.59291390814614e-05	6.58142892446965e-05	8.06420144895491e-06	5.20271061222897e-05	5.98311720406332e-06	7.54393038773201e-06	4.52635823263921e-05	8.03818789589376e-05	2.5493281999922e-05	4.0581142775386e-05	2.91351794284822e-05	1.11858278162923e-05	9.1047435714007e-06	1.17060988775152e-05	1.48277252448526e-05	9.88515016323505e-06	1.06655567550694e-05	1.14459633469037e-05	8.06420144895491e-06	1.61284028979098e-05	5.15068350610668e-05	4.94257508161752e-06	6.50338826528621e-06	7.02365932650911e-06	NA	4.42230402039463e-06	5.98311720406332e-06	3.12162636733738e-06	6.50338826528621e-06	3.12162636733738e-06	NA	0.000203165849407541	2.80946373060364e-05	0.000190679343938192	3.5378432163157e-05	2.2631791163196e-05	0.000362108658611136	0.000157642131550538	4.34426336121119e-05	6.0871714163079e-05	6.68548313671423e-05	6.63345603059194e-05	0.000295253827243994	0.000119142073020043	6.60744247753079e-05	2.86149083672593e-05	1.76892160815785e-05	8.06420144895491e-05	3.04358570815395e-05	3.58987032243799e-05	4.21419559590547e-05	1.87297582040243e-05	8.32433697956635e-06	2.7834501775425e-05	1.58682673672984e-05	7.02365932650911e-06	1.01452856938465e-05	1.01452856938465e-05	3.90203295917173e-06	4.16216848978318e-06	1.14459633469037e-05	NA	5.20271061222897e-06	7.80406591834346e-06	3.90203295917173e-06	9.88515016323505e-06	6.50338826528621e-06	0.000312162636733738	2.93953149590937e-05	4.16216848978318e-05	0.000503622387263764	1.53479963060755e-05	9.88515016323505e-06	2.08108424489159e-05	2.34121977550304e-05	5.72298167345187e-06	2.99155860203166e-05	2.05507069183044e-05	1.01452856938465e-05	8.32433697956635e-06	1.37871831224068e-05	4.94257508161752e-06	4.42230402039463e-06	5.72298167345187e-06	1.06655567550694e-05	3.64189742856028e-06	4.16216848978318e-06	4.68243955100607e-06	0.000108476516264974	2.10709779795273e-05	NA	8.32433697956635e-06	2.41926043468647e-05	3.64189742856028e-06	NA	NA	NA	NA	NA	0.000398527632896739	7.15372709181484e-05	7.25778130405942e-05	4.42230402039463e-06	2.60135530611449e-06	NA	3.38176189794883e-06	4.94257508161752e-06	1.84696226734128e-05	NA	NA	4.42230402039463e-06	9.41690620813444e-05	0.00133007296801634	8.8706215938504e-05	4.68243955100607e-06	0.000170388772550499	7.17974064487598e-05	0.000229699673529909	3.95406006529402e-05	2.47128754080876e-05	0.000145936032673023	4.86453442243409e-05	2.65338241223678e-05	6.24325273467477e-06	2.86149083672593e-06	7.80406591834346e-06	5.20271061222897e-06	1.43074541836297e-05	6.50338826528621e-06	6.76352379589766e-06	NA	NA	NA	3.61588387549914e-05	1.17060988775152e-05	NA	2.91351794284822e-05	3.12162636733738e-06	8.71454027548353e-05	3.64189742856028e-06	NA	0.000216692896999337	2.60135530611449e-06	1.37871831224068e-05	1.43074541836297e-05	2.60135530611449e-06	0.0001885982596933	3.90203295917173e-06	2.67939596529792e-05	9.1047435714007e-06	NA	4.68243955100607e-06	3.58987032243799e-05	4.21419559590547e-05	3.85000585304944e-05	4.42230402039463e-06	NA	7.02365932650911e-06	NA	2.18513845713617e-05	9.6250146326236e-06	7.02365932650911e-06	6.91960511426453e-05	5.98311720406332e-06	3.12162636733738e-06	3.48581611019341e-05	2.86149083672593e-06	NA	2.93953149590937e-05	NA	0.000427662812325221	0.000211490186387108	3.92804651223287e-05	2.0290571387693e-05	5.20271061222897e-06	1.71689450203556e-05	9.36487910201215e-06	9.6250146326236e-05	0.000222155743142177	2.05507069183044e-05	7.28379485712056e-06	NA	3.64189742856028e-06	NA	NA	2.0290571387693e-05	8.32433697956635e-06	NA	NA	1.24865054693495e-05	NA	NA	NA	2.70540951835906e-05	NA	NA	2.86149083672593e-05	0.000194321241366752	NA	6.50338826528621e-06	5.43683258977928e-05	1.01452856938465e-05	NA	NA	NA	NA	1.76892160815785e-05	0.000420379017468101	NA	NA	NA	3.38176189794883e-06	NA	5.98311720406332e-06	NA	NA	NA	3.38176189794883e-06	NA	NA	1.74290805509671e-05	NA	NA	NA	2.05507069183044e-05	NA	1.14459633469037e-05	NA	NA	NA	0.000191980021591249	1.06655567550694e-05	8.32433697956635e-06	3.90203295917173e-06	1.48277252448526e-05	3.64189742856028e-06	NA	NA	NA	NA	NA	NA	3.64189742856028e-06	NA	7.54393038773201e-06	NA	NA	NA	NA	NA	NA	NA	1.40473186530182e-05	NA	NA	NA	6.76352379589766e-06	6.76352379589766e-06	NA	4.42230402039463e-06	NA	NA	NA	NA	NA	NA	8.8706215938504e-05	NA	NA	NA	NA	NA	NA	NA	NA	NA	NA	NA	NA	NA	NA	NA	NA	NA	NA	NA	NA	NA	NA	NA	NA	NA	NA	NA	NA	NA	NA	NA	NA	NA	NA	NA	NA	NA	NA	NA	NA	NA	NA	NA	NA	NA	NA	NA	NA	NA	NA	NA	NA	NA	NA	NA	NA	6.50338826528621e-06	NA	NA	NA	NA	NA	7.54393038773201e-06	3.64189742856028e-06	3.12162636733738e-06	3.90203295917173e-06	NA	NA	NA	1.06655567550694e-05	4.16216848978318e-06	2.86149083672593e-06	NA	5.72298167345187e-06	NA	NA	NA	NA	NA	2.60135530611449e-06	NA	2.60135530611449e-06	NA	NA	6.76352379589766e-06	2.60135530611449e-06	NA	NA	NA	4.68243955100607e-06	NA	2.86149083672593e-06	7.02365932650911e-06	NA	NA	4.16216848978318e-06	NA	NA	NA	NA	NA	2.60135530611449e-06	3.38176189794883e-06	NA	NA	NA	NA	NA	2.60135530611449e-06	NA	NA	NA	NA	7.28379485712056e-06	NA	NA	NA	2.86149083672593e-06	NA	NA	NA	NA	2.86149083672593e-06	3.64189742856028e-06	NA	2.60135530611449e-06	NA	NA	NA	3.90203295917173e-06	NA	NA	NA	NA	NA	2.60135530611449e-06	NA	NA	NA	NA	NA	4.16216848978318e-06	NA	NA	2.86149083672593e-06	NA	NA	NA	NA	NA	NA	NA	NA	NA	NA	6.76352379589766e-06	3.64189742856028e-06	NA	4.42230402039463e-06	3.12162636733738e-06	NA	NA	NA	NA	3.38176189794883e-06	3.48581611019341e-05	NA	3.38176189794883e-06	NA	NA	5.20271061222897e-06	8.32433697956635e-06	3.64189742856028e-06	4.68243955100607e-06	4.16216848978318e-06	4.42230402039463e-06	5.46284614284042e-06	3.38176189794883e-06	NA	6.24325273467477e-06	NA	NA	NA	7.80406591834346e-06	NA	NA	9.36487910201215e-06	2.86149083672593e-06	NA	NA	NA	NA	NA	NA	3.64189742856028e-06	NA	NA	NA	NA	NA	6.76352379589766e-06	4.68243955100607e-06	NA	NA	NA	NA	NA	3.38176189794883e-06	NA	NA	NA	NA	1.43074541836297e-05	3.38176189794883e-06	NA	3.12162636733738e-06	NA	1.01452856938465e-05	3.38176189794883e-06	NA	NA	NA	NA	3.64189742856028e-06	3.12162636733738e-06	NA	NA	NA	NA	NA	2.86149083672593e-06	NA	NA	NA	3.64189742856028e-06	3.12162636733738e-06	NA	NA	NA	NA	NA	3.12162636733738e-06	NA	NA	NA	NA	NA	NA	NA	6.76352379589766e-06	NA	NA	NA	NA	NA	NA	3.90203295917173e-06	3.90203295917173e-06	NA	NA	NA	NA	5.46284614284042e-06	NA	3.64189742856028e-06	NA	NA	5.72298167345187e-06	NA	2.86149083672593e-06	3.12162636733738e-06	NA	NA	NA	NA	NA	NA	NA	2.86149083672593e-06	NA	NA	2.60135530611449e-06	NA	NA	NA	NA	NA	7.54393038773201e-06	NA	4.68243955100607e-06	NA	4.16216848978318e-06	3.38176189794883e-06	4.68243955100607e-06	NA	5.98311720406332e-06	5.72298167345187e-06	4.42230402039463e-06	2.60135530611449e-06	NA	3.64189742856028e-06	NA	4.42230402039463e-06	3.12162636733738e-06	NA	NA	NA	NA	NA	NA	NA	NA	NA	NA	NA	NA	NA	2.60135530611449e-06	NA	NA	NA	NA	NA	NA	NA	6.50338826528621e-06	NA	4.68243955100607e-06	NA	NA	NA	NA	NA	NA	NA	NA	NA	NA	NA	NA	NA	NA	NA	NA	NA	NA	NA	NA	NA	NA	NA	NA	NA	NA	NA	NA	NA	NA	NA	4.94257508161752e-06	NA	NA	NA	NA	NA	NA	NA	NA	NA	NA	NA	NA	NA	NA	NA	5.46284614284042e-06	NA	NA	NA	NA	2.86149083672593e-06	NA	NA	7.54393038773201e-06	NA	NA	NA	NA	NA	NA	NA	NA	NA	NA	4.94257508161752e-06	NA	NA	NA	NA	NA	2.23716556325846e-05	NA	NA	NA	3.38176189794883e-06	NA	NA	NA	NA	NA	NA	NA	NA	NA	NA	NA	NA	NA	NA	NA	NA	NA	NA	NA	NA	NA	NA	NA	NA	NA	NA	NA	NA	NA	NA	NA	NA	NA	NA	NA	NA	2.60135530611449e-06	4.42230402039463e-06	NA	NA	NA	NA	6.50338826528621e-06	2.60135530611449e-06	NA	6.50338826528621e-06	2.60135530611449e-06	NA	NA	NA	3.12162636733738e-06	NA	NA	6.76352379589766e-06	2.86149083672593e-06	NA	NA	NA	NA	NA	NA	NA	4.42230402039463e-06	NA	NA	NA	NA	NA	NA	NA	NA	NA	NA	NA	NA	NA	NA	3.64189742856028e-06	NA	NA	NA	NA	NA	NA	NA	NA	NA	NA	NA	NA	NA	NA	NA	NA	NA	NA	1.04054212244579e-05	3.12162636733738e-06	NA	NA	NA	NA	2.86149083672593e-06	NA	NA	NA	NA	NA	NA	NA	NA	NA	NA	NA	5.72298167345187e-06	NA	NA	NA	NA	NA	NA	NA	NA	NA	NA	NA	NA	3.12162636733738e-06	NA	8.84460804078925e-06	NA	NA	3.64189742856028e-06	1.61284028979098e-05	NA	7.02365932650911e-06	2.86149083672593e-06	NA	NA	NA	3.12162636733738e-06	NA	NA	NA	NA	NA	NA	NA	NA	NA	NA	NA	NA	NA	NA	NA	NA	NA	NA	NA	NA	NA	NA	NA	NA	3.38176189794883e-06	NA	NA	NA	NA	NA	NA	NA	2.60135530611449e-06	NA	NA	NA	NA	NA	NA	NA	NA	NA	NA	NA	NA	NA	NA	NA	NA	NA	NA	NA	NA	NA	NA	NA	NA	NA	NA	NA	NA	NA	NA	NA	NA	NA	NA	NA	NA	NA	2.86149083672593e-06	NA	NA	NA	NA	NA	NA	3.64189742856028e-06	NA	NA	NA	NA	NA	NA	NA	NA	NA	NA	NA	NA	NA	NA	NA	NA	NA	NA	NA	NA	NA	NA	NA	NA	NA	NA	4.42230402039463e-06	NA	NA	NA	NA	NA	NA	NA	NA	5.20271061222897e-06	NA	NA	2.60135530611449e-06	4.42230402039463e-06	NA	NA	NA	NA	NA	NA	NA	NA	NA	NA	NA	NA	NA	NA	NA	NA	NA	NA	NA	NA	NA	NA	NA	NA	NA	NA	NA	NA	NA	NA	NA	NA	NA	NA	NA	NA	NA	NA	NA	4.68243955100607e-06	NA	NA	NA	NA	NA	NA	NA	NA	NA	NA	NA	NA	NA	NA	NA	NA	NA	NA	NA	NA	NA	NA	NA	NA	NA	NA	NA	NA	NA	NA	NA	NA	NA	NA	NA	NA	NA	NA	NA	NA	NA	NA	NA	NA	NA	NA	NA	NA	NA	NA	NA	NA	NA	NA	NA	NA	NA	NA	NA	2.86149083672593e-06	NA	NA	NA	NA	NA	NA	NA	NA	NA	NA	NA	NA	NA	NA	NA	NA	NA	NA	NA	NA	NA	NA	NA	NA	NA	NA	NA	NA	NA	NA	NA	NA	NA	NA	NA	NA	NA	NA	NA	NA	NA	NA	NA	NA	NA	NA	NA	NA	NA	NA	NA	NA	NA	NA	NA	NA	NA	NA	NA	NA	NA	NA	NA	NA	NA	NA	NA	NA	NA	NA	NA	NA	NA	NA	NA	NA	NA	NA	NA	NA	NA	NA	NA	NA	NA	NA	NA	NA	NA	NA	NA	NA	NA	NA	NA	NA	NA	NA	NA	NA	NA	NA	NA	NA	NA	NA	NA	NA	NA	NA	NA	NA	NA	NA	NA	NA	NA	NA	NA	NA	NA	NA	NA	NA	NA	NA	NA	NA	NA	NA	NA	NA	NA	NA	NA	NA	NA	NA	NA	NA	NA	NA	NA	NA	NA	NA	NA	NA	NA	NA	NA	NA	NA	NA	NA	NA	NA	NA	NA	NA	NA	NA	NA	NA	NA	NA	NA	NA	NA	NA	NA	NA	NA	NA	NA	NA	NA	NA	NA	NA	NA	NA	NA	NA	NA	NA	NA	NA	NA	NA	NA	NA	NA	NA	NA	NA	NA	NA	NA	NA	NA	NA	NA	NA	NA	NA	NA	NA	NA	NA	NA	NA	NA	NA	NA	NA	NA	NA	NA	NA	NA	NA	NA	NA	NA	NA	NA	NA	NA	NA	NA	NA	NA	NA	NA	NA	NA	NA	NA	NA	NA	NA	NA	NA	NA	NA	NA	NA	NA	NA	NA	NA	NA	NA	NA	NA	NA	NA	NA	NA	NA	NA	NA	NA	NA	NA	NA	NA	NA	NA	NA	NA	NA	NA	NA	NA	NA	NA	NA	NA	NA	NA	NA	NA	NA	NA	NA	NA	NA	NA	NA	NA	NA	NA	NA	NA	NA	NA	NA	NA	NA	NA	NA	NA	NA	NA	NA	NA	NA	NA	NA	NA	NA	NA	NA	NA	NA	NA	NA	NA	NA	NA	NA	NA	NA	NA	NA	NA	NA	NA	NA	NA	NA	NA	NA	NA	NA	NA	NA	NA	NA	NA	NA	NA	NA	NA	NA	NA	NA	NA	NA	NA	NA	NA	NA	NA	NA	NA	NA	NA	NA	NA	NA	NA	NA	NA	NA	5.20271061222897e-06	NA	NA
